1	32.34	33.49	33.50	31.62	32.40	33.34	32.91	30.54	0.0000
2	32.34	33.50	33.52	31.63	32.41	33.38	32.92	30.54	1.0000
3	32.35	33.59	33.64	31.64	32.43	33.63	32.94	30.54	2.0000
4	32.36	33.81	33.93	31.65	32.46	34.16	32.96	30.54	3.0000
5	32.37	34.15	34.38	31.66	32.51	34.87	33.00	30.53	4.0000
6	32.38	34.59	34.93	31.68	32.60	35.69	33.06	30.54	5.0000
7	32.40	35.13	35.58	31.70	32.74	36.58	33.16	30.53	6.0000
8	32.43	35.70	36.27	31.74	32.94	37.49	33.30	30.53	7.0000
9	32.47	36.33	37.00	31.79	33.17	38.39	33.48	30.54	8.0000
10	32.53	36.98	37.76	31.86	33.44	39.27	33.70	30.54	9.0000
11	32.61	37.63	38.52	31.94	33.75	40.14	33.95	30.53	10.0000
12	32.70	38.29	39.27	32.04	34.08	40.98	34.24	30.54	11.0000
13	32.82	38.94	40.02	32.17	34.44	41.78	34.56	30.54	12.0000
14	32.94	39.61	40.76	32.31	34.81	42.57	34.89	30.54	13.0000
15	33.09	40.24	41.48	32.47	35.20	43.31	35.25	30.54	14.0000
16	33.25	40.87	42.20	32.64	35.59	44.03	35.63	30.55	15.0000
17	33.41	41.47	42.89	32.82	36.01	44.73	36.01	30.55	16.0000
18	33.60	42.06	43.56	33.03	36.43	45.40	36.42	30.56	17.0000
19	33.80	42.66	44.22	33.23	36.84	46.04	36.84	30.56	18.0000
20	34.01	43.21	44.85	33.45	37.27	46.66	37.25	30.56	19.0000
21	34.23	43.75	45.45	33.68	37.70	47.26	37.67	30.58	20.0000
22	34.45	44.29	46.05	33.92	38.12	47.83	38.10	30.58	21.0000
23	34.68	44.80	46.61	34.17	38.56	48.39	38.53	30.58	22.0000
24	34.92	45.30	47.16	34.41	38.99	48.93	38.97	30.59	23.0000
25	35.16	45.78	47.69	34.67	39.42	49.44	39.41	30.60	24.0000
26	35.40	46.26	48.21	34.92	39.85	49.95	39.84	30.60	25.0000
27	35.65	46.71	48.72	35.18	40.27	50.43	40.26	30.61	26.0000
28	35.90	47.15	49.19	35.44	40.70	50.90	40.69	30.62	27.0000
29	36.16	47.58	49.66	35.71	41.12	51.36	41.11	30.63	28.0000
30	36.41	47.99	50.11	35.98	41.54	51.80	41.53	30.65	29.0000
31	36.67	48.39	50.54	36.25	41.96	52.23	41.95	30.66	30.0000
32	36.93	48.77	50.95	36.51	42.37	52.66	42.37	30.68	31.0000
33	37.19	49.15	51.36	36.78	42.78	53.06	42.78	30.69	32.0000
34	37.45	49.52	51.75	37.05	43.18	53.46	43.18	30.71	33.0000
35	37.71	49.87	52.13	37.32	43.59	53.85	43.57	30.72	34.0000
36	37.98	50.21	52.49	37.58	43.98	54.23	43.97	30.75	35.0000
37	38.23	50.55	52.84	37.85	44.38	54.59	44.35	30.76	36.0000
38	38.49	50.88	53.18	38.11	44.77	54.95	44.72	30.79	37.0000
39	38.75	51.19	53.51	38.37	45.16	55.30	45.10	30.81	38.0000
40	39.01	51.50	53.82	38.63	45.53	55.64	45.46	30.84	39.0000
41	39.26	51.80	54.14	38.89	45.91	55.98	45.82	30.86	40.0000
42	39.52	52.08	54.44	39.15	46.28	56.31	46.18	30.89	41.0000
43	39.77	52.37	54.73	39.41	46.65	56.62	46.52	30.92	42.0000
44	40.02	52.64	55.01	39.67	47.01	56.94	46.86	30.94	43.0000
45	40.28	52.91	55.28	39.92	47.37	57.25	47.19	30.97	44.0000
46	40.52	53.17	55.55	40.17	47.73	57.54	47.52	31.01	45.0000
47	40.77	53.43	55.80	40.41	48.08	57.84	47.84	31.05	46.0000
48	41.02	53.67	56.05	40.66	48.43	58.13	48.16	31.08	47.0000
49	41.26	53.91	56.29	40.90	48.77	58.41	48.47	31.12	48.0000
50	41.51	54.15	56.52	41.15	49.11	58.68	48.76	31.16	49.0000
51	41.75	54.39	56.76	41.39	49.44	58.95	49.06	31.20	50.0000
52	41.99	54.61	56.98	41.62	49.77	59.22	49.35	31.24	51.0000
53	42.23	54.83	57.19	41.86	50.09	59.48	49.63	31.28	52.0000
54	42.46	55.05	57.40	42.09	50.40	59.73	49.92	31.32	53.0000
55	42.70	55.25	57.60	42.31	50.72	59.99	50.18	31.37	54.0000
56	42.93	55.47	57.81	42.54	51.03	60.23	50.45	31.41	55.0000
57	43.16	55.67	58.00	42.77	51.34	60.48	50.70	31.46	56.0000
58	43.39	55.87	58.19	42.99	51.64	60.71	50.96	31.51	57.0000
59	43.62	56.07	58.37	43.21	51.93	60.94	51.21	31.56	58.0000
60	43.84	56.26	58.56	43.43	52.22	61.17	51.46	31.61	59.0000
61	44.07	56.44	58.73	43.64	52.52	61.40	51.70	31.66	60.0000
62	44.28	56.62	58.90	43.86	52.80	61.61	51.93	31.71	61.0000
63	44.51	56.80	59.07	44.07	53.08	61.84	52.16	31.77	62.0000
64	44.73	56.98	59.24	44.28	53.35	62.05	52.38	31.83	63.0000
65	44.94	57.16	59.40	44.49	53.62	62.26	52.60	31.88	64.0000
66	45.16	57.33	59.55	44.69	53.89	62.46	52.81	31.93	65.0000
67	45.37	57.49	59.70	44.90	54.16	62.66	53.02	31.99	66.0000
68	45.58	57.66	59.85	45.09	54.42	62.87	53.23	32.05	67.0000
69	45.79	57.82	60.00	45.29	54.68	63.07	53.44	32.11	68.0000
70	45.99	57.98	60.14	45.49	54.93	63.25	53.64	32.17	69.0000
71	46.20	58.13	60.28	45.68	55.19	63.45	53.82	32.24	70.0000
72	46.41	58.29	60.42	45.87	55.44	63.63	54.01	32.30	71.0000
73	46.61	58.44	60.55	46.06	55.67	63.81	54.20	32.36	72.0000
74	46.80	58.59	60.68	46.25	55.92	64.00	54.38	32.43	73.0000
75	47.01	58.74	60.81	46.44	56.15	64.17	54.56	32.49	74.0000
76	47.20	58.89	60.94	46.62	56.39	64.35	54.73	32.55	75.0000
77	47.40	59.03	61.06	46.80	56.62	64.52	54.91	32.62	76.0000
78	47.58	59.17	61.19	46.98	56.85	64.69	55.07	32.68	77.0000
79	47.78	59.31	61.31	47.16	57.07	64.86	55.24	32.75	78.0000
80	47.97	59.44	61.42	47.33	57.29	65.02	55.40	32.81	79.0000
81	48.16	59.58	61.54	47.51	57.51	65.19	55.56	32.89	80.0000
82	48.34	59.71	61.65	47.68	57.72	65.34	55.71	32.96	81.0000
83	48.53	59.84	61.76	47.85	57.93	65.50	55.86	33.02	82.0000
84	48.72	59.97	61.87	48.02	58.14	65.66	56.01	33.09	83.0000
85	48.90	60.10	61.98	48.19	58.34	65.80	56.16	33.16	84.0000
86	49.08	60.23	62.09	48.35	58.55	65.95	56.31	33.23	85.0000
87	49.26	60.35	62.19	48.51	58.75	66.10	56.44	33.30	86.0000
88	49.43	60.48	62.29	48.67	58.94	66.25	56.58	33.37	87.0000
89	49.61	60.59	62.38	48.82	59.12	66.38	56.71	33.44	88.0000
90	49.78	60.72	62.49	48.99	59.31	66.52	56.84	33.50	89.0000
91	49.95	60.84	62.59	49.14	59.50	66.66	56.97	33.57	90.0000
92	50.12	60.95	62.68	49.30	59.69	66.80	57.10	33.65	91.0000
93	50.29	61.07	62.78	49.45	59.87	66.93	57.23	33.72	92.0000
94	50.46	61.19	62.88	49.60	60.05	67.06	57.35	33.80	93.0000
95	50.62	61.30	62.97	49.75	60.24	67.19	57.47	33.86	94.0000
96	50.79	61.41	63.06	49.89	60.41	67.33	57.59	33.93	95.0000
97	50.95	61.52	63.15	50.04	60.58	67.45	57.70	34.01	96.0000
98	51.11	61.63	63.23	50.18	60.74	67.58	57.81	34.08	97.0000
99	51.27	61.74	63.32	50.32	60.91	67.69	57.92	34.15	98.0000
100	51.43	61.84	63.40	50.46	61.07	67.81	58.03	34.22	99.0000
101	51.58	61.95	63.49	50.60	61.22	67.93	58.14	34.29	100.0000
102	51.73	62.05	63.57	50.74	61.39	68.04	58.25	34.36	101.0000
103	51.89	62.09	63.57	50.87	61.54	67.99	58.35	34.43	102.0000
104	52.04	62.03	63.42	51.01	61.69	67.71	58.44	34.50	103.0000
105	52.20	61.86	63.13	51.14	61.83	67.26	58.53	34.58	104.0000
106	52.34	61.59	62.75	51.28	61.92	66.71	58.59	34.65	105.0000
107	52.48	61.25	62.28	51.40	61.97	66.09	58.61	34.73	106.0000
108	52.61	60.86	61.77	51.51	61.98	65.45	58.59	34.80	107.0000
109	52.73	60.43	61.23	51.59	61.95	64.79	58.55	34.87	108.0000
110	52.83	59.97	60.68	51.67	61.88	64.15	58.47	34.94	109.0000
111	52.91	59.51	60.10	51.73	61.78	63.51	58.35	35.02	110.0000
112	52.98	59.04	59.53	51.77	61.65	62.89	58.21	35.09	111.0000
113	53.04	58.58	58.97	51.80	61.51	62.29	58.04	35.16	112.0000
114	53.07	58.11	58.42	51.80	61.33	61.70	57.85	35.23	113.0000
115	53.09	57.66	57.87	51.80	61.15	61.15	57.63	35.30	114.0000
116	53.09	57.21	57.34	51.77	60.95	60.60	57.40	35.37	115.0000
117	53.09	56.77	56.82	51.74	60.75	60.08	57.16	35.44	116.0000
118	53.06	56.35	56.32	51.69	60.53	59.59	56.89	35.51	117.0000
119	53.03	55.94	55.83	51.63	60.30	59.12	56.62	35.58	118.0000
120	53.00	55.54	55.36	51.57	60.07	58.65	56.35	35.64	119.0000
121	52.94	55.16	54.90	51.49	59.84	58.22	56.06	35.71	120.0000
122	52.88	54.78	54.47	51.40	59.59	57.79	55.76	35.78	121.0000
123	52.82	54.42	54.04	51.32	59.36	57.39	55.47	35.84	122.0000
124	52.75	54.08	53.63	51.22	59.10	57.00	55.17	35.91	123.0000
125	52.67	53.74	53.24	51.11	58.86	56.62	54.87	35.97	124.0000
126	52.59	53.42	52.85	51.01	58.61	56.26	54.57	36.03	125.0000
127	52.51	53.11	52.49	50.90	58.36	55.91	54.27	36.09	126.0000
128	52.42	52.81	52.14	50.79	58.11	55.58	53.97	36.16	127.0000
129	52.33	52.53	51.81	50.67	57.86	55.26	53.67	36.22	128.0000
130	52.23	52.25	51.49	50.55	57.61	54.94	53.38	36.28	129.0000
131	52.14	51.99	51.18	50.43	57.36	54.64	53.08	36.34	130.0000
132	52.04	51.73	50.88	50.31	57.12	54.34	52.79	36.39	131.0000
133	51.94	51.49	50.60	50.19	56.87	54.06	52.51	36.45	132.0000
134	51.83	51.25	50.32	50.07	56.63	53.79	52.22	36.50	133.0000
135	51.74	51.03	50.05	49.94	56.38	53.53	51.95	36.56	134.0000
136	51.63	50.81	49.80	49.81	56.14	53.27	51.67	36.61	135.0000
137	51.53	50.60	49.56	49.69	55.91	53.02	51.40	36.66	136.0000
138	51.43	50.40	49.32	49.57	55.67	52.77	51.13	36.71	137.0000
139	51.32	50.20	49.10	49.44	55.43	52.54	50.87	36.75	138.0000
140	51.22	50.02	48.89	49.31	55.20	52.31	50.61	36.80	139.0000
141	51.11	49.83	48.68	49.19	54.98	52.09	50.36	36.84	140.0000
142	51.01	49.66	48.48	49.07	54.75	51.87	50.12	36.88	141.0000
143	50.90	49.49	48.29	48.95	54.52	51.67	49.88	36.92	142.0000
144	50.80	49.33	48.11	48.83	54.30	51.47	49.64	36.97	143.0000
145	50.70	49.18	47.93	48.71	54.09	51.26	49.42	37.00	144.0000
146	50.59	49.03	47.76	48.59	53.87	51.07	49.20	37.04	145.0000
147	50.50	48.88	47.60	48.47	53.65	50.88	48.97	37.08	146.0000
148	50.39	48.74	47.44	48.35	53.45	50.70	48.76	37.11	147.0000
149	50.29	48.61	47.29	48.23	53.24	50.52	48.55	37.15	148.0000
150	50.19	48.48	47.15	48.12	53.04	50.34	48.35	37.18	149.0000
151	50.09	48.35	47.00	48.00	52.84	50.18	48.15	37.21	150.0000
152	49.99	48.23	46.87	47.89	52.64	50.01	47.96	37.24	151.0000
153	49.89	48.11	46.74	47.78	52.44	49.85	47.76	37.27	152.0000
154	49.79	48.00	46.62	47.67	52.25	49.69	47.58	37.29	153.0000
155	49.69	47.89	46.50	47.56	52.06	49.54	47.40	37.32	154.0000
156	49.60	47.78	46.38	47.45	51.87	49.38	47.22	37.34	155.0000
157	49.50	47.68	46.27	47.34	51.69	49.24	47.06	37.36	156.0000
158	49.41	47.58	46.16	47.24	51.51	49.10	46.89	37.38	157.0000
159	49.32	47.48	46.06	47.13	51.33	48.96	46.73	37.40	158.0000
160	49.23	47.39	45.96	47.03	51.16	48.82	46.57	37.42	159.0000
161	49.13	47.30	45.86	46.93	50.99	48.68	46.42	37.44	160.0000
162	49.04	47.21	45.77	46.83	50.82	48.55	46.27	37.46	161.0000
163	48.95	47.13	45.68	46.73	50.65	48.43	46.12	37.47	162.0000
164	48.86	47.04	45.60	46.63	50.49	48.30	45.98	37.49	163.0000
165	48.77	46.96	45.51	46.54	50.33	48.18	45.84	37.50	164.0000
166	48.68	46.88	45.43	46.44	50.17	48.06	45.71	37.52	165.0000
167	48.60	46.81	45.35	46.34	50.02	47.95	45.57	37.52	166.0000
168	48.51	46.73	45.27	46.25	49.86	47.83	45.46	37.53	167.0000
169	48.43	46.66	45.20	46.16	49.71	47.72	45.32	37.54	168.0000
170	48.34	46.59	45.14	46.07	49.57	47.62	45.20	37.55	169.0000
171	48.27	46.53	45.07	45.98	49.42	47.51	45.09	37.56	170.0000
172	48.18	46.46	45.00	45.89	49.27	47.40	44.97	37.57	171.0000
173	48.10	46.39	44.94	45.80	49.13	47.30	44.86	37.57	172.0000
174	48.02	46.33	44.88	45.72	49.00	47.20	44.75	37.57	173.0000
175	47.95	46.27	44.82	45.63	48.86	47.10	44.65	37.57	174.0000
176	47.87	46.21	44.76	45.55	48.73	47.00	44.54	37.57	175.0000
177	47.79	46.15	44.70	45.47	48.60	46.91	44.44	37.57	176.0000
178	47.71	46.10	44.64	45.39	48.47	46.82	44.35	37.58	177.0000
179	47.64	46.04	44.60	45.31	48.34	46.73	44.25	37.58	178.0000
180	47.56	45.99	44.54	45.23	48.22	46.64	44.16	37.57	179.0000
181	47.49	45.93	44.49	45.15	48.10	46.56	44.07	37.58	180.0000
182	47.42	45.88	44.45	45.08	47.98	46.47	43.99	37.57	181.0000
183	47.34	45.83	44.40	45.00	47.86	46.39	43.90	37.57	182.0000
184	47.27	45.78	44.36	44.93	47.75	46.31	43.82	37.57	183.0000
185	47.20	45.74	44.31	44.85	47.64	46.23	43.74	37.57	184.0000
186	47.14	45.69	44.27	44.78	47.52	46.15	43.66	37.57	185.0000
187	47.07	45.64	44.23	44.71	47.41	46.08	43.58	37.56	186.0000
188	47.00	45.60	44.19	44.64	47.31	46.01	43.51	37.56	187.0000
189	46.94	45.56	44.15	44.57	47.20	45.93	43.44	37.55	188.0000
190	46.87	45.51	44.11	44.50	47.10	45.86	43.37	37.55	189.0000
191	46.80	45.47	44.07	44.43	46.99	45.79	43.30	37.54	190.0000
192	46.74	45.43	44.04	44.37	46.89	45.72	43.24	37.53	191.0000
193	46.68	45.39	44.01	44.30	46.80	45.66	43.17	37.52	192.0000
194	46.61	45.35	43.97	44.25	46.71	45.60	43.11	37.51	193.0000
195	46.55	45.31	43.94	44.18	46.61	45.53	43.05	37.51	194.0000
196	46.49	45.27	43.91	44.12	46.52	45.47	42.99	37.51	195.0000
197	46.43	45.24	43.88	44.06	46.42	45.41	42.93	37.49	196.0000
198	46.37	45.20	43.85	44.00	46.33	45.35	42.87	37.49	197.0000
199	46.31	45.17	43.82	43.94	46.24	45.29	42.82	37.47	198.0000
200	46.25	45.13	43.79	43.88	46.16	45.23	42.77	37.46	199.0000
201	46.19	45.10	43.76	43.82	46.07	45.17	42.72	37.45	200.0000
202	46.13	45.07	43.75	43.76	45.99	45.13	42.67	37.44	201.0000
203	46.07	45.10	43.81	43.70	45.91	45.29	42.63	37.43	202.0000
204	46.02	45.26	44.04	43.65	45.84	45.72	42.59	37.42	203.0000
205	45.97	45.55	44.43	43.60	45.80	46.34	42.57	37.41	204.0000
206	45.92	45.94	44.94	43.55	45.79	47.07	42.57	37.40	205.0000
207	45.87	46.41	45.51	43.51	45.84	47.88	42.60	37.39	206.0000
208	45.84	46.93	46.15	43.48	45.93	48.69	42.68	37.38	207.0000
209	45.82	47.50	46.83	43.48	46.07	49.51	42.80	37.37	208.0000
210	45.82	48.09	47.53	43.48	46.25	50.32	42.96	37.36	209.0000
211	45.84	48.69	48.23	43.51	46.46	51.11	43.15	37.35	210.0000
212	45.87	49.30	48.94	43.55	46.70	51.87	43.38	37.34	211.0000
213	45.92	49.91	49.64	43.62	46.97	52.62	43.63	37.33	212.0000
214	45.99	50.50	50.32	43.70	47.26	53.33	43.91	37.32	213.0000
215	46.08	51.10	51.00	43.80	47.55	54.01	44.22	37.32	214.0000
216	46.18	51.67	51.66	43.91	47.88	54.67	44.53	37.31	215.0000
217	46.29	52.23	52.30	44.03	48.20	55.29	44.87	37.30	216.0000
218	46.42	52.79	52.92	44.17	48.52	55.89	45.21	37.29	217.0000
219	46.56	53.32	53.53	44.33	48.87	56.47	45.58	37.29	218.0000
220	46.70	53.83	54.11	44.49	49.21	57.04	45.94	37.27	219.0000
221	46.86	54.33	54.68	44.66	49.56	57.57	46.31	37.27	220.0000
222	47.03	54.82	55.23	44.84	49.91	58.08	46.69	37.26	221.0000
223	47.21	55.30	55.76	45.02	50.26	58.57	47.07	37.26	222.0000
224	47.39	55.75	56.27	45.22	50.61	59.05	47.46	37.26	223.0000
225	47.58	56.19	56.76	45.42	50.96	59.51	47.84	37.25	224.0000
226	47.77	56.61	57.24	45.62	51.32	59.97	48.22	37.25	225.0000
227	47.96	57.03	57.70	45.82	51.67	60.39	48.61	37.24	226.0000
228	48.16	57.42	58.14	46.03	52.01	60.80	48.99	37.24	227.0000
229	48.36	57.81	58.56	46.24	52.36	61.20	49.37	37.24	228.0000
230	48.56	58.18	58.98	46.45	52.71	61.59	49.75	37.24	229.0000
231	48.77	58.54	59.37	46.67	53.05	61.96	50.12	37.25	230.0000
232	48.98	58.89	59.75	46.88	53.40	62.33	50.49	37.24	231.0000
233	49.18	59.22	60.12	47.10	53.74	62.69	50.85	37.25	232.0000
234	49.39	59.55	60.48	47.32	54.08	63.04	51.21	37.25	233.0000
235	49.60	59.87	60.82	47.53	54.42	63.37	51.57	37.26	234.0000
236	49.81	60.17	61.15	47.75	54.75	63.69	51.92	37.26	235.0000
237	50.02	60.47	61.47	47.97	55.08	64.01	52.26	37.27	236.0000
238	50.23	60.75	61.78	48.18	55.40	64.33	52.60	37.28	237.0000
239	50.43	61.03	62.08	48.40	55.73	64.62	52.93	37.29	238.0000
240	50.64	61.30	62.36	48.61	56.04	64.92	53.26	37.30	239.0000
241	50.85	61.57	62.64	48.82	56.36	65.21	53.59	37.32	240.0000
242	51.05	61.82	62.92	49.04	56.67	65.49	53.90	37.33	241.0000
243	51.26	62.06	63.18	49.25	56.98	65.76	54.22	37.35	242.0000
244	51.47	62.31	63.43	49.45	57.28	66.02	54.53	37.37	243.0000
245	51.67	62.53	63.67	49.66	57.58	66.29	54.82	37.39	244.0000
246	51.87	62.76	63.90	49.87	57.88	66.55	55.12	37.41	245.0000
247	52.07	62.98	64.13	50.07	58.17	66.80	55.40	37.43	246.0000
248	52.27	63.20	64.35	50.27	58.46	67.04	55.68	37.45	247.0000
249	52.47	63.41	64.57	50.47	58.75	67.28	55.96	37.48	248.0000
250	52.66	63.61	64.78	50.67	59.03	67.52	56.23	37.51	249.0000
251	52.86	63.81	64.97	50.86	59.30	67.75	56.50	37.54	250.0000
252	53.05	64.00	65.17	51.06	59.57	67.98	56.75	37.56	251.0000
253	53.25	64.19	65.36	51.25	59.85	68.19	57.01	37.60	252.0000
254	53.44	64.37	65.54	51.44	60.11	68.40	57.25	37.62	253.0000
255	53.63	64.56	65.72	51.63	60.37	68.61	57.49	37.66	254.0000
256	53.81	64.73	65.89	51.82	60.64	68.83	57.73	37.70	255.0000
257	54.00	64.90	66.06	52.00	60.89	69.03	57.96	37.73	256.0000
258	54.19	65.07	66.22	52.19	61.14	69.23	58.19	37.76	257.0000
259	54.38	65.23	66.38	52.37	61.39	69.42	58.41	37.81	258.0000
260	54.56	65.39	66.54	52.55	61.63	69.62	58.63	37.84	259.0000
261	54.74	65.55	66.69	52.72	61.87	69.80	58.84	37.89	260.0000
262	54.92	65.70	66.84	52.90	62.11	69.99	59.05	37.92	261.0000
263	55.09	65.85	66.98	53.08	62.35	70.18	59.26	37.97	262.0000
264	55.27	66.00	67.11	53.25	62.58	70.35	59.45	38.01	263.0000
265	55.44	66.14	67.25	53.42	62.81	70.53	59.65	38.06	264.0000
266	55.62	66.28	67.38	53.59	63.03	70.70	59.84	38.10	265.0000
267	55.79	66.42	67.52	53.75	63.25	70.88	60.03	38.15	266.0000
268	55.96	66.56	67.64	53.92	63.47	71.04	60.21	38.20	267.0000
269	56.13	66.69	67.76	54.08	63.68	71.20	60.39	38.24	268.0000
270	56.29	66.83	67.89	54.24	63.90	71.36	60.56	38.29	269.0000
271	56.46	66.95	68.00	54.40	64.10	71.52	60.73	38.34	270.0000
272	56.63	67.09	68.12	54.56	64.31	71.68	60.90	38.39	271.0000
273	56.79	67.20	68.23	54.71	64.52	71.83	61.06	38.44	272.0000
274	56.95	67.33	68.34	54.87	64.71	71.98	61.23	38.50	273.0000
275	57.11	67.45	68.44	55.02	64.91	72.13	61.38	38.55	274.0000
276	57.27	67.57	68.55	55.17	65.10	72.27	61.53	38.60	275.0000
277	57.43	67.68	68.66	55.32	65.30	72.42	61.69	38.66	276.0000
278	57.58	67.80	68.75	55.47	65.48	72.56	61.83	38.71	277.0000
279	57.73	67.91	68.86	55.61	65.67	72.70	61.98	38.77	278.0000
280	57.89	68.02	68.95	55.75	65.85	72.84	62.12	38.83	279.0000
281	58.04	68.13	69.04	55.90	66.03	72.97	62.26	38.88	280.0000
282	58.19	68.24	69.14	56.04	66.21	73.10	62.39	38.94	281.0000
283	58.34	68.34	69.23	56.18	66.38	73.24	62.52	39.00	282.0000
284	58.49	68.45	69.32	56.32	66.56	73.37	62.65	39.06	283.0000
285	58.63	68.55	69.41	56.45	66.72	73.50	62.78	39.11	284.0000
286	58.78	68.65	69.49	56.58	66.90	73.62	62.91	39.17	285.0000
287	58.92	68.75	69.58	56.72	67.06	73.74	63.03	39.24	286.0000
288	59.06	68.85	69.66	56.85	67.22	73.86	63.15	39.29	287.0000
289	59.20	68.95	69.74	56.98	67.38	73.98	63.26	39.35	288.0000
290	59.34	69.05	69.82	57.11	67.54	74.09	63.38	39.42	289.0000
291	59.48	69.14	69.90	57.24	67.70	74.21	63.49	39.48	290.0000
292	59.62	69.24	69.98	57.36	67.85	74.32	63.60	39.54	291.0000
293	59.76	69.33	70.06	57.48	68.00	74.43	63.71	39.60	292.0000
294	59.89	69.42	70.13	57.61	68.15	74.54	63.82	39.66	293.0000
295	60.02	69.51	70.20	57.73	68.29	74.65	63.92	39.72	294.0000
296	60.15	69.60	70.28	57.85	68.44	74.75	64.03	39.79	295.0000
297	60.28	69.69	70.35	57.97	68.58	74.86	64.13	39.85	296.0000
298	60.41	69.78	70.42	58.09	68.72	74.96	64.23	39.91	297.0000
299	60.54	69.86	70.49	58.20	68.86	75.06	64.32	39.98	298.0000
300	60.67	69.95	70.55	58.32	69.00	75.16	64.42	40.04	299.0000
301	60.79	70.03	70.62	58.42	69.12	75.25	64.51	40.10	300.0000
302	60.91	70.11	70.68	58.54	69.25	75.34	64.60	40.16	301.0000
303	61.03	70.14	70.67	58.64	69.37	75.29	64.69	40.22	302.0000
304	61.15	70.07	70.52	58.75	69.50	75.00	64.77	40.29	303.0000
305	61.28	69.88	70.22	58.86	69.60	74.55	64.84	40.34	304.0000
306	61.39	69.60	69.83	58.96	69.67	73.99	64.88	40.41	305.0000
307	61.50	69.25	69.34	59.04	69.69	73.36	64.88	40.47	306.0000
308	61.60	68.83	68.82	59.11	69.68	72.71	64.84	40.53	307.0000
309	61.69	68.39	68.27	59.18	69.62	72.04	64.79	40.59	308.0000
310	61.76	67.93	67.70	59.22	69.54	71.38	64.70	40.66	309.0000
311	61.82	67.46	67.11	59.24	69.42	70.74	64.57	40.71	310.0000
312	61.86	66.97	66.54	59.26	69.27	70.10	64.42	40.78	311.0000
313	61.88	66.49	65.97	59.27	69.10	69.48	64.24	40.84	312.0000
314	61.89	66.01	65.41	59.26	68.91	68.89	64.04	40.90	313.0000
315	61.88	65.54	64.84	59.20	68.71	68.31	63.80	40.96	314.0000
316	61.85	65.07	64.29	59.15	68.48	67.76	63.56	41.02	315.0000
317	61.82	64.61	63.76	59.10	68.26	67.23	63.32	41.09	316.0000
318	61.77	64.17	63.24	59.01	68.03	66.72	63.05	41.14	317.0000
319	61.72	63.75	62.72	58.91	67.78	66.23	62.74	41.18	318.0000
320	61.65	63.34	62.24	58.82	67.53	65.76	62.44	41.23	319.0000
321	61.57	62.93	61.79	58.74	67.27	65.30	62.16	41.29	320.0000
322	61.49	62.54	61.34	58.64	67.01	64.86	61.87	41.36	321.0000
323	61.39	62.16	60.91	58.53	66.75	64.44	61.58	41.42	322.0000
324	61.30	61.80	60.50	58.42	66.48	64.03	61.28	41.49	323.0000
325	61.20	61.45	60.10	58.30	66.22	63.65	60.97	41.54	324.0000
326	61.09	61.11	59.70	58.17	65.95	63.27	60.67	41.60	325.0000
327	60.98	60.79	59.32	58.04	65.69	62.91	60.37	41.65	326.0000
328	60.87	60.47	58.97	57.91	65.41	62.55	60.06	41.71	327.0000
329	60.75	60.17	58.62	57.77	65.15	62.21	59.75	41.76	328.0000
330	60.64	59.88	58.28	57.64	64.87	61.88	59.44	41.81	329.0000
331	60.51	59.59	57.96	57.49	64.61	61.56	59.14	41.86	330.0000
332	60.39	59.32	57.64	57.36	64.34	61.25	58.84	41.91	331.0000
333	60.27	59.07	57.35	57.21	64.07	60.95	58.55	41.96	332.0000
334	60.14	58.81	57.06	57.07	63.81	60.66	58.26	42.01	333.0000
335	60.01	58.56	56.78	56.93	63.55	60.38	57.97	42.05	334.0000
336	59.88	58.33	56.52	56.79	63.30	60.11	57.70	42.10	335.0000
337	59.75	58.10	56.27	56.64	63.04	59.85	57.42	42.14	336.0000
338	59.63	57.88	56.02	56.50	62.79	59.59	57.15	42.18	337.0000
339	59.50	57.67	55.78	56.36	62.54	59.34	56.88	42.23	338.0000
340	59.37	57.47	55.56	56.22	62.29	59.10	56.61	42.27	339.0000
341	59.24	57.27	55.33	56.08	62.04	58.87	56.36	42.30	340.0000
342	59.11	57.07	55.12	55.93	61.80	58.63	56.11	42.34	341.0000
343	58.98	56.89	54.91	55.80	61.56	58.41	55.87	42.38	342.0000
344	58.86	56.71	54.71	55.65	61.32	58.20	55.61	42.41	343.0000
345	58.73	56.54	54.53	55.52	61.09	57.98	55.38	42.44	344.0000
346	58.60	56.37	54.34	55.38	60.86	57.77	55.15	42.47	345.0000
347	58.48	56.22	54.16	55.24	60.62	57.57	54.92	42.50	346.0000
348	58.36	56.05	53.99	55.11	60.40	57.37	54.69	42.52	347.0000
349	58.23	55.90	53.83	54.97	60.17	57.18	54.48	42.55	348.0000
350	58.11	55.75	53.67	54.84	59.95	56.99	54.26	42.57	349.0000
351	57.98	55.61	53.52	54.71	59.73	56.81	54.06	42.60	350.0000
352	57.87	55.48	53.37	54.58	59.52	56.63	53.86	42.62	351.0000
353	57.74	55.34	53.23	54.45	59.31	56.45	53.66	42.64	352.0000
354	57.62	55.21	53.09	54.33	59.11	56.28	53.47	42.66	353.0000
355	57.51	55.09	52.95	54.21	58.90	56.11	53.28	42.68	354.0000
356	57.39	54.96	52.83	54.08	58.70	55.95	53.10	42.69	355.0000
357	57.27	54.85	52.70	53.95	58.50	55.79	52.92	42.71	356.0000
358	57.15	54.73	52.58	53.83	58.30	55.63	52.74	42.72	357.0000
359	57.04	54.61	52.47	53.71	58.11	55.48	52.57	42.74	358.0000
360	56.93	54.51	52.36	53.60	57.92	55.33	52.41	42.75	359.0000
361	56.81	54.40	52.24	53.48	57.74	55.18	52.25	42.76	360.0000
362	56.70	54.29	52.14	53.36	57.55	55.04	52.08	42.77	361.0000
363	56.59	54.20	52.03	53.24	57.37	54.90	51.94	42.78	362.0000
364	56.49	54.10	51.94	53.13	57.19	54.76	51.78	42.79	363.0000
365	56.38	54.00	51.84	53.02	57.02	54.63	51.64	42.79	364.0000
366	56.27	53.90	51.75	52.90	56.84	54.50	51.50	42.80	365.0000
367	56.16	53.81	51.66	52.79	56.67	54.36	51.36	42.80	366.0000
368	56.06	53.73	51.57	52.69	56.51	54.24	51.22	42.80	367.0000
369	55.95	53.64	51.49	52.58	56.34	54.12	51.09	42.80	368.0000
370	55.85	53.55	51.41	52.48	56.18	54.00	50.96	42.80	369.0000
371	55.75	53.47	51.33	52.37	56.02	53.88	50.84	42.81	370.0000
372	55.64	53.39	51.25	52.27	55.86	53.76	50.71	42.81	371.0000
373	55.55	53.31	51.18	52.17	55.71	53.65	50.60	42.81	372.0000
374	55.45	53.23	51.10	52.07	55.56	53.54	50.48	42.81	373.0000
375	55.35	53.16	51.03	51.97	55.41	53.43	50.37	42.80	374.0000
376	55.26	53.08	50.96	51.88	55.26	53.32	50.26	42.80	375.0000
377	55.16	53.01	50.89	51.78	55.12	53.21	50.15	42.79	376.0000
378	55.06	52.94	50.83	51.69	54.98	53.11	50.05	42.79	377.0000
379	54.97	52.87	50.76	51.59	54.83	53.01	49.95	42.78	378.0000
380	54.87	52.80	50.70	51.50	54.70	52.91	49.85	42.78	379.0000
381	54.78	52.74	50.64	51.41	54.56	52.81	49.75	42.77	380.0000
382	54.69	52.67	50.58	51.32	54.43	52.72	49.66	42.77	381.0000
383	54.61	52.60	50.53	51.23	54.30	52.63	49.57	42.76	382.0000
384	54.51	52.54	50.47	51.14	54.17	52.53	49.47	42.75	383.0000
385	54.43	52.48	50.42	51.06	54.05	52.44	49.38	42.74	384.0000
386	54.34	52.42	50.36	50.97	53.92	52.36	49.31	42.73	385.0000
387	54.25	52.36	50.31	50.89	53.80	52.27	49.22	42.73	386.0000
388	54.17	52.30	50.26	50.81	53.68	52.18	49.14	42.71	387.0000
389	54.08	52.24	50.21	50.73	53.56	52.10	49.06	42.70	388.0000
390	54.00	52.19	50.16	50.64	53.44	52.02	48.98	42.69	389.0000
391	53.92	52.13	50.11	50.56	53.33	51.94	48.91	42.68	390.0000
392	53.84	52.08	50.07	50.49	53.22	51.86	48.84	42.67	391.0000
393	53.76	52.02	50.03	50.41	53.11	51.78	48.77	42.65	392.0000
394	53.67	51.97	49.98	50.33	53.00	51.71	48.70	42.64	393.0000
395	53.60	51.92	49.94	50.26	52.90	51.64	48.63	42.62	394.0000
396	53.53	51.87	49.90	50.18	52.79	51.56	48.56	42.61	395.0000
397	53.44	51.82	49.86	50.11	52.69	51.49	48.50	42.60	396.0000
398	53.37	51.77	49.82	50.04	52.59	51.42	48.43	42.59	397.0000
399	53.29	51.73	49.78	49.97	52.49	51.35	48.38	42.58	398.0000
400	53.21	51.68	49.74	49.90	52.39	51.29	48.32	42.56	399.0000
401	53.14	51.64	49.70	49.83	52.29	51.22	48.26	42.55	400.0000
402	53.06	51.59	49.66	49.76	52.19	51.15	48.20	42.53	401.0000
403	52.99	51.56	49.67	49.69	52.10	51.18	48.15	42.51	402.0000
404	52.92	51.65	49.81	49.63	52.01	51.48	48.10	42.49	403.0000
405	52.85	51.86	50.12	49.56	51.94	52.00	48.06	42.48	404.0000
406	52.78	52.19	50.56	49.50	51.91	52.68	48.04	42.46	405.0000
407	52.72	52.61	51.09	49.44	51.92	53.43	48.06	42.45	406.0000
408	52.67	53.10	51.70	49.40	51.98	54.22	48.12	42.44	407.0000
409	52.63	53.63	52.34	49.37	52.08	55.02	48.21	42.42	408.0000
410	52.60	54.20	53.01	49.36	52.23	55.81	48.34	42.41	409.0000
411	52.59	54.77	53.69	49.36	52.42	56.60	48.51	42.39	410.0000
412	52.61	55.36	54.39	49.39	52.63	57.36	48.72	42.37	411.0000
413	52.63	55.95	55.07	49.43	52.87	58.10	48.95	42.36	412.0000
414	52.68	56.54	55.75	49.49	53.14	58.80	49.21	42.35	413.0000
415	52.74	57.11	56.41	49.57	53.42	59.48	49.49	42.33	414.0000
416	52.82	57.67	57.05	49.66	53.70	60.13	49.79	42.31	415.0000
417	52.92	58.23	57.67	49.76	54.01	60.75	50.09	42.29	416.0000
418	53.02	58.77	58.31	49.88	54.32	61.35	50.43	42.27	417.0000
419	53.14	59.29	58.91	50.02	54.64	61.93	50.77	42.26	418.0000
420	53.27	59.80	59.48	50.17	54.97	62.48	51.12	42.26	419.0000
421	53.41	60.29	60.04	50.32	55.30	63.02	51.48	42.24	420.0000
422	53.56	60.77	60.58	50.49	55.63	63.53	51.85	42.23	421.0000
423	53.71	61.23	61.11	50.66	55.97	64.01	52.22	42.23	422.0000
424	53.87	61.68	61.61	50.84	56.31	64.49	52.60	42.21	423.0000
425	54.05	62.11	62.10	51.02	56.64	64.94	52.97	42.21	424.0000
426	54.22	62.52	62.57	51.21	56.99	65.38	53.35	42.20	425.0000
427	54.39	62.93	63.02	51.40	57.33	65.81	53.73	42.19	426.0000
428	54.57	63.32	63.46	51.59	57.66	66.21	54.10	42.19	427.0000
429	54.76	63.70	63.87	51.79	58.00	66.61	54.48	42.18	428.0000
430	54.95	64.06	64.29	51.99	58.33	66.99	54.84	42.17	429.0000
431	55.14	64.41	64.67	52.19	58.67	67.36	55.20	42.17	430.0000
432	55.33	64.75	65.05	52.40	59.00	67.72	55.57	42.16	431.0000
433	55.52	65.07	65.41	52.60	59.33	68.07	55.93	42.17	432.0000
434	55.71	65.39	65.76	52.80	59.65	68.41	56.28	42.17	433.0000
435	55.91	65.70	66.10	53.00	59.97	68.73	56.63	42.16	434.0000
436	56.10	65.99	66.42	53.21	60.30	69.05	56.97	42.17	435.0000
437	56.29	66.28	66.73	53.42	60.61	69.37	57.32	42.17	436.0000
438	56.49	66.56	67.03	53.61	60.93	69.66	57.65	42.17	437.0000
439	56.68	66.83	67.33	53.82	61.23	69.96	57.98	42.18	438.0000
440	56.87	67.09	67.61	54.02	61.54	70.25	58.30	42.19	439.0000
441	57.06	67.34	67.88	54.22	61.85	70.53	58.62	42.20	440.0000
442	57.26	67.58	68.14	54.42	62.15	70.80	58.93	42.21	441.0000
443	57.45	67.82	68.39	54.62	62.44	71.06	59.24	42.22	442.0000
444	57.64	68.05	68.63	54.82	62.73	71.33	59.53	42.23	443.0000
445	57.83	68.27	68.87	55.02	63.03	71.58	59.83	42.25	444.0000
446	58.02	68.49	69.10	55.21	63.31	71.83	60.12	42.26	445.0000
447	58.20	68.70	69.32	55.40	63.59	72.06	60.40	42.28	446.0000
448	58.39	68.91	69.53	55.59	63.86	72.30	60.67	42.29	447.0000
449	58.57	69.11	69.73	55.78	64.14	72.54	60.94	42.31	448.0000
450	58.76	69.30	69.94	55.97	64.41	72.76	61.21	42.33	449.0000
451	58.94	69.49	70.13	56.16	64.68	72.98	61.46	42.36	450.0000
452	59.12	69.67	70.31	56.34	64.95	73.20	61.72	42.38	451.0000
453	59.30	69.85	70.49	56.52	65.21	73.41	61.97	42.41	452.0000
454	59.48	70.03	70.66	56.70	65.46	73.62	62.20	42.43	453.0000
455	59.66	70.20	70.84	56.88	65.71	73.82	62.45	42.47	454.0000
456	59.83	70.36	71.00	57.06	65.96	74.02	62.68	42.49	455.0000
457	60.01	70.53	71.16	57.23	66.21	74.22	62.91	42.53	456.0000
458	60.18	70.68	71.32	57.40	66.45	74.41	63.13	42.56	457.0000
459	60.35	70.83	71.47	57.57	66.68	74.60	63.34	42.59	458.0000
460	60.52	70.99	71.61	57.74	66.92	74.78	63.55	42.62	459.0000
461	60.69	71.13	71.76	57.91	67.15	74.96	63.76	42.65	460.0000
462	60.86	71.28	71.89	58.07	67.38	75.14	63.96	42.69	461.0000
463	61.02	71.42	72.03	58.24	67.60	75.31	64.16	42.72	462.0000
464	61.18	71.56	72.17	58.40	67.82	75.47	64.35	42.77	463.0000
465	61.35	71.69	72.29	58.56	68.04	75.65	64.54	42.80	464.0000
466	61.51	71.82	72.42	58.72	68.25	75.82	64.73	42.84	465.0000
467	61.67	71.95	72.54	58.87	68.46	75.98	64.91	42.88	466.0000
468	61.82	72.08	72.66	59.03	68.67	76.13	65.09	42.92	467.0000
469	61.98	72.20	72.77	59.18	68.87	76.29	65.26	42.97	468.0000
470	62.13	72.32	72.89	59.33	69.07	76.44	65.43	43.02	469.0000
471	62.29	72.43	72.99	59.48	69.28	76.59	65.59	43.07	470.0000
472	62.44	72.56	73.11	59.63	69.47	76.73	65.76	43.10	471.0000
473	62.59	72.67	73.21	59.78	69.66	76.88	65.92	43.15	472.0000
474	62.74	72.79	73.31	59.92	69.85	77.02	66.07	43.20	473.0000
475	62.89	72.90	73.41	60.06	70.04	77.16	66.22	43.25	474.0000
476	63.04	73.01	73.51	60.21	70.22	77.30	66.37	43.29	475.0000
477	63.18	73.11	73.60	60.34	70.40	77.44	66.52	43.35	476.0000
478	63.33	73.22	73.70	60.48	70.58	77.57	66.66	43.40	477.0000
479	63.47	73.32	73.79	60.62	70.75	77.70	66.80	43.45	478.0000
480	63.61	73.42	73.88	60.75	70.92	77.83	66.94	43.50	479.0000
481	63.75	73.52	73.96	60.89	71.10	77.95	67.07	43.55	480.0000
482	63.88	73.61	74.05	61.02	71.27	78.07	67.20	43.60	481.0000
483	64.02	73.71	74.13	61.15	71.43	78.20	67.33	43.65	482.0000
484	64.16	73.81	74.21	61.28	71.60	78.32	67.45	43.71	483.0000
485	64.29	73.90	74.29	61.40	71.76	78.43	67.57	43.76	484.0000
486	64.42	73.99	74.37	61.53	71.92	78.55	67.69	43.82	485.0000
487	64.56	74.08	74.44	61.65	72.07	78.66	67.81	43.87	486.0000
488	64.69	74.17	74.52	61.77	72.23	78.77	67.92	43.93	487.0000
489	64.81	74.26	74.60	61.89	72.38	78.88	68.04	43.98	488.0000
490	64.95	74.35	74.66	62.01	72.53	78.99	68.14	44.04	489.0000
491	65.07	74.43	74.74	62.13	72.68	79.09	68.25	44.09	490.0000
492	65.20	74.52	74.81	62.25	72.82	79.20	68.36	44.15	491.0000
493	65.32	74.60	74.88	62.36	72.96	79.30	68.46	44.21	492.0000
494	65.44	74.68	74.94	62.48	73.10	79.40	68.56	44.27	493.0000
495	65.57	74.76	75.01	62.58	73.24	79.49	68.66	44.32	494.0000
496	65.69	74.84	75.07	62.70	73.37	79.59	68.75	44.38	495.0000
497	65.80	74.92	75.14	62.81	73.51	79.69	68.85	44.44	496.0000
498	65.92	75.00	75.18	62.90	73.62	79.77	68.92	44.48	497.0000
499	66.03	75.07	75.24	63.01	73.74	79.85	69.00	44.53	498.0000
500	66.14	75.15	75.30	63.11	73.86	79.94	69.09	44.59	499.0000
501	66.25	75.21	75.36	63.22	73.98	80.03	69.18	44.65	500.0000
502	66.36	75.29	75.42	63.32	74.10	80.11	69.27	44.70	501.0000
503	66.47	75.33	75.44	63.42	74.22	80.11	69.35	44.76	502.0000
504	66.58	75.28	75.33	63.52	74.33	79.89	69.44	44.82	503.0000
505	66.70	75.12	75.08	63.62	74.43	79.49	69.51	44.88	504.0000
506	66.82	74.86	74.72	63.72	74.49	78.94	69.56	44.94	505.0000
507	66.91	74.53	74.28	63.82	74.53	78.34	69.58	45.00	506.0000
508	67.00	74.12	73.77	63.90	74.53	77.69	69.56	45.06	507.0000
509	67.08	73.68	73.23	63.96	74.48	77.03	69.51	45.11	508.0000
510	67.15	73.22	72.65	64.02	74.40	76.37	69.42	45.18	509.0000
511	67.20	72.74	72.07	64.05	74.27	75.72	69.30	45.23	510.0000
512	67.23	72.25	71.50	64.07	74.13	75.06	69.15	45.30	511.0000
513	67.25	71.77	70.92	64.06	73.96	74.44	68.98	45.36	512.0000
514	67.25	71.27	70.35	64.05	73.78	73.84	68.78	45.41	513.0000
515	67.23	70.79	69.78	64.01	73.57	73.26	68.56	45.47	514.0000
516	67.20	70.32	69.23	63.96	73.35	72.69	68.32	45.52	515.0000
517	67.16	69.85	68.69	63.90	73.12	72.15	68.06	45.58	516.0000
518	67.11	69.40	68.17	63.83	72.88	71.63	67.79	45.63	517.0000
519	67.05	68.97	67.67	63.74	72.63	71.12	67.51	45.68	518.0000
520	66.97	68.53	67.17	63.65	72.38	70.64	67.22	45.74	519.0000
521	66.89	68.13	66.70	63.55	72.11	70.17	66.93	45.80	520.0000
522	66.80	67.72	66.24	63.44	71.85	69.73	66.63	45.85	521.0000
523	66.69	67.33	65.79	63.32	71.59	69.29	66.32	45.91	522.0000
524	66.59	66.96	65.37	63.20	71.32	68.88	66.01	45.96	523.0000
525	66.48	66.60	64.93	63.05	71.04	68.48	65.69	45.99	524.0000
526	66.36	66.25	64.53	62.92	70.77	68.09	65.36	46.04	525.0000
527	66.25	65.92	64.15	62.79	70.50	67.72	65.05	46.08	526.0000
528	66.12	65.59	63.77	62.65	70.23	67.36	64.74	46.14	527.0000
529	66.00	65.28	63.43	62.51	69.95	67.01	64.43	46.18	528.0000
530	65.87	64.97	63.08	62.37	69.68	66.68	64.13	46.23	529.0000
531	65.74	64.68	62.75	62.22	69.40	66.35	63.81	46.28	530.0000
532	65.61	64.40	62.43	62.07	69.13	66.03	63.52	46.33	531.0000
533	65.48	64.13	62.13	61.93	68.86	65.72	63.22	46.37	532.0000
534	65.34	63.86	61.82	61.78	68.59	65.43	62.93	46.41	533.0000
535	65.20	63.61	61.54	61.62	68.33	65.14	62.63	46.46	534.0000
536	65.07	63.36	61.27	61.48	68.06	64.86	62.35	46.50	535.0000
537	64.93	63.13	61.00	61.33	67.81	64.58	62.06	46.54	536.0000
538	64.79	62.90	60.75	61.18	67.54	64.33	61.78	46.57	537.0000
539	64.66	62.67	60.50	61.03	67.29	64.06	61.51	46.61	538.0000
540	64.52	62.46	60.27	60.88	67.03	63.81	61.25	46.64	539.0000
541	64.38	62.26	60.04	60.73	66.77	63.57	60.98	46.68	540.0000
542	64.24	62.05	59.82	60.58	66.53	63.33	60.72	46.71	541.0000
543	64.10	61.86	59.60	60.43	66.28	63.09	60.47	46.74	542.0000
544	63.97	61.67	59.40	60.29	66.03	62.87	60.22	46.77	543.0000
545	63.83	61.49	59.20	60.14	65.79	62.65	59.98	46.80	544.0000
546	63.70	61.32	59.01	60.00	65.55	62.44	59.74	46.82	545.0000
547	63.57	61.14	58.83	59.86	65.31	62.23	59.51	46.85	546.0000
548	63.43	60.98	58.65	59.71	65.09	62.02	59.28	46.87	547.0000
549	63.30	60.82	58.48	59.57	64.85	61.82	59.05	46.89	548.0000
550	63.17	60.66	58.31	59.44	64.63	61.62	58.83	46.91	549.0000
551	63.04	60.51	58.15	59.30	64.41	61.44	58.62	46.93	550.0000
552	62.90	60.37	58.00	59.16	64.19	61.25	58.41	46.94	551.0000
553	62.77	60.22	57.85	59.03	63.97	61.07	58.21	46.97	552.0000
554	62.65	60.09	57.70	58.89	63.75	60.89	58.01	46.98	553.0000
555	62.52	59.94	57.56	58.76	63.55	60.71	57.82	47.00	554.0000
556	62.39	59.81	57.43	58.63	63.34	60.54	57.63	47.01	555.0000
557	62.27	59.68	57.29	58.50	63.13	60.38	57.44	47.02	556.0000
558	62.14	59.57	57.16	58.37	62.93	60.21	57.27	47.03	557.0000
559	62.02	59.44	57.04	58.25	62.73	60.05	57.09	47.03	558.0000
560	61.90	59.33	56.92	58.12	62.53	59.90	56.91	47.04	559.0000
561	61.78	59.21	56.81	58.00	62.34	59.74	56.75	47.05	560.0000
562	61.65	59.10	56.69	57.87	62.15	59.59	56.58	47.06	561.0000
563	61.54	58.99	56.59	57.75	61.96	59.45	56.42	47.07	562.0000
564	61.42	58.89	56.48	57.63	61.78	59.31	56.27	47.07	563.0000
565	61.30	58.78	56.38	57.51	61.59	59.17	56.12	47.08	564.0000
566	61.19	58.68	56.28	57.39	61.42	59.03	55.97	47.07	565.0000
567	61.07	58.58	56.18	57.28	61.24	58.89	55.83	47.08	566.0000
568	60.96	58.48	56.08	57.16	61.06	58.76	55.68	47.07	567.0000
569	60.84	58.38	55.99	57.05	60.87	58.61	55.55	47.07	568.0000
570	60.73	58.29	55.91	56.94	60.69	58.48	55.41	47.07	569.0000
571	60.62	58.20	55.82	56.83	60.52	58.36	55.28	47.06	570.0000
572	60.51	58.11	55.74	56.72	60.36	58.24	55.16	47.06	571.0000
573	60.40	58.03	55.65	56.61	60.20	58.12	55.03	47.06	572.0000
574	60.30	57.95	55.57	56.51	60.05	58.00	54.91	47.05	573.0000
575	60.19	57.86	55.50	56.40	59.89	57.89	54.79	47.04	574.0000
576	60.09	57.78	55.42	56.30	59.74	57.78	54.68	47.04	575.0000
577	59.98	57.70	55.35	56.20	59.59	57.66	54.57	47.03	576.0000
578	59.88	57.62	55.28	56.09	59.45	57.55	54.46	47.02	577.0000
579	59.77	57.54	55.21	55.99	59.30	57.45	54.35	47.01	578.0000
580	59.67	57.46	55.13	55.90	59.16	57.34	54.24	47.00	579.0000
581	59.57	57.39	55.07	55.80	59.02	57.24	54.14	46.99	580.0000
582	59.47	57.32	55.00	55.70	58.88	57.14	54.04	46.98	581.0000
583	59.37	57.25	54.94	55.61	58.74	57.04	53.95	46.97	582.0000
584	59.28	57.17	54.88	55.51	58.60	56.94	53.86	46.96	583.0000
585	59.18	57.11	54.82	55.42	58.47	56.84	53.76	46.95	584.0000
586	59.08	57.03	54.75	55.33	58.33	56.74	53.67	46.93	585.0000
587	58.99	56.97	54.69	55.24	58.20	56.64	53.58	46.92	586.0000
588	58.90	56.90	54.64	55.15	58.08	56.56	53.50	46.90	587.0000
589	58.80	56.84	54.59	55.06	57.95	56.46	53.42	46.89	588.0000
590	58.71	56.78	54.53	54.97	57.83	56.38	53.33	46.87	589.0000
591	58.62	56.71	54.48	54.89	57.71	56.28	53.25	46.86	590.0000
592	58.53	56.65	54.43	54.80	57.59	56.20	53.17	46.84	591.0000
593	58.45	56.59	54.37	54.72	57.48	56.12	53.10	46.83	592.0000
594	58.36	56.53	54.32	54.64	57.36	56.03	53.02	46.82	593.0000
595	58.27	56.48	54.27	54.56	57.25	55.96	52.94	46.79	594.0000
596	58.18	56.41	54.22	54.48	57.14	55.88	52.87	46.77	595.0000
597	58.10	56.36	54.17	54.39	57.03	55.80	52.80	46.76	596.0000
598	58.02	56.30	54.12	54.31	56.93	55.72	52.73	46.74	597.0000
599	57.93	56.24	54.08	54.24	56.82	55.65	52.67	46.72	598.0000
600	57.85	56.19	54.03	54.16	56.71	55.57	52.60	46.70	599.0000
601	57.76	56.13	53.99	54.08	56.61	55.50	52.54	46.68	600.0000
602	57.68	56.08	53.95	54.01	56.50	55.42	52.48	46.65	601.0000
603	57.60	56.05	53.95	53.93	56.40	55.46	52.42	46.64	602.0000
604	57.52	56.14	54.10	53.86	56.32	55.77	52.36	46.62	603.0000
605	57.44	56.35	54.41	53.79	56.24	56.30	52.32	46.61	604.0000
606	57.36	56.68	54.84	53.72	56.20	56.96	52.30	46.58	605.0000
607	57.30	57.10	55.37	53.66	56.20	57.71	52.31	46.56	606.0000
608	57.24	57.58	55.97	53.61	56.26	58.47	52.36	46.53	607.0000
609	57.19	58.10	56.60	53.57	56.37	59.26	52.44	46.51	608.0000
610	57.16	58.65	57.26	53.55	56.50	60.05	52.57	46.48	609.0000
611	57.14	59.23	57.93	53.55	56.68	60.82	52.74	46.47	610.0000
612	57.15	59.80	58.61	53.57	56.89	61.56	52.94	46.45	611.0000
613	57.17	60.38	59.29	53.61	57.12	62.28	53.17	46.43	612.0000
614	57.21	60.95	59.95	53.67	57.38	62.98	53.42	46.41	613.0000
615	57.27	61.51	60.60	53.74	57.65	63.65	53.70	46.39	614.0000
616	57.33	62.06	61.23	53.83	57.93	64.29	54.00	46.37	615.0000
617	57.42	62.60	61.85	53.93	58.23	64.90	54.30	46.36	616.0000
618	57.51	63.12	62.45	54.05	58.51	65.47	54.63	46.35	617.0000
619	57.63	63.64	63.05	54.17	58.81	66.03	54.96	46.32	618.0000
620	57.75	64.13	63.61	54.32	59.13	66.57	55.30	46.30	619.0000
621	57.89	64.61	64.16	54.47	59.46	67.09	55.65	46.29	620.0000
622	58.03	65.08	64.68	54.62	59.79	67.60	56.01	46.27	621.0000
623	58.17	65.53	65.20	54.79	60.12	68.07	56.37	46.25	622.0000
624	58.33	65.97	65.70	54.96	60.45	68.53	56.74	46.24	623.0000
625	58.49	66.39	66.17	55.14	60.77	68.98	57.11	46.24	624.0000
626	58.65	66.79	66.63	55.32	61.11	69.41	57.48	46.23	625.0000
627	58.82	67.18	67.07	55.51	61.44	69.83	57.85	46.22	626.0000
628	58.99	67.56	67.50	55.69	61.76	70.23	58.22	46.21	627.0000
629	59.17	67.93	67.91	55.88	62.10	70.61	58.58	46.20	628.0000
630	59.35	68.27	68.30	56.08	62.42	70.98	58.94	46.19	629.0000
631	59.53	68.61	68.68	56.27	62.74	71.34	59.30	46.18	630.0000
632	59.71	68.94	69.04	56.47	63.06	71.69	59.65	46.18	631.0000
633	59.89	69.26	69.39	56.66	63.39	72.03	60.01	46.17	632.0000
634	60.07	69.57	69.73	56.86	63.71	72.36	60.35	46.17	633.0000
635	60.26	69.87	70.06	57.06	64.02	72.68	60.69	46.16	634.0000
636	60.44	70.15	70.37	57.26	64.33	73.00	61.03	46.16	635.0000
637	60.63	70.43	70.68	57.46	64.64	73.30	61.36	46.16	636.0000
638	60.82	70.69	70.96	57.65	64.93	73.58	61.68	46.16	637.0000
639	61.00	70.96	71.25	57.85	65.24	73.87	62.00	46.16	638.0000
640	61.19	71.21	71.52	58.04	65.54	74.15	62.32	46.17	639.0000
641	61.37	71.45	71.78	58.24	65.83	74.43	62.63	46.17	640.0000
642	61.55	71.69	72.03	58.42	66.12	74.69	62.93	46.18	641.0000
643	61.73	71.92	72.28	58.62	66.41	74.94	63.23	46.19	642.0000
644	61.92	72.14	72.51	58.81	66.69	75.19	63.52	46.19	643.0000
645	62.10	72.35	72.74	59.00	66.97	75.44	63.81	46.21	644.0000
646	62.28	72.56	72.97	59.19	67.25	75.68	64.08	46.21	645.0000
647	62.45	72.76	73.17	59.37	67.52	75.92	64.36	46.23	646.0000
648	62.63	72.96	73.38	59.55	67.79	76.14	64.63	46.24	647.0000
649	62.81	73.15	73.58	59.74	68.05	76.36	64.89	46.26	648.0000
650	62.99	73.33	73.77	59.92	68.31	76.58	65.16	46.28	649.0000
651	63.16	73.51	73.96	60.10	68.57	76.79	65.40	46.30	650.0000
652	63.33	73.68	74.13	60.28	68.82	77.00	65.65	46.32	651.0000
653	63.51	73.86	74.30	60.45	69.08	77.21	65.89	46.34	652.0000
654	63.67	74.02	74.48	60.62	69.32	77.41	66.12	46.37	653.0000
655	63.84	74.19	74.64	60.80	69.56	77.60	66.35	46.39	654.0000
656	64.01	74.34	74.79	60.97	69.81	77.80	66.57	46.41	655.0000
657	64.17	74.50	74.94	61.13	70.05	77.98	66.79	46.44	656.0000
658	64.33	74.64	75.09	61.30	70.27	78.17	67.01	46.47	657.0000
659	64.50	74.79	75.23	61.46	70.51	78.35	67.21	46.50	658.0000
660	64.66	74.94	75.37	61.62	70.73	78.53	67.42	46.53	659.0000
661	64.82	75.07	75.51	61.78	70.96	78.70	67.62	46.57	660.0000
662	64.97	75.21	75.64	61.95	71.18	78.88	67.82	46.60	661.0000
663	65.13	75.34	75.77	62.10	71.40	79.05	68.02	46.63	662.0000
664	65.28	75.47	75.89	62.25	71.61	79.21	68.20	46.66	663.0000
665	65.44	75.60	76.01	62.41	71.83	79.37	68.38	46.70	664.0000
666	65.59	75.72	76.13	62.56	72.03	79.52	68.56	46.74	665.0000
667	65.74	75.85	76.24	62.71	72.23	79.67	68.73	46.78	666.0000
668	65.89	75.96	76.35	62.86	72.43	79.83	68.90	46.81	667.0000
669	66.03	76.08	76.46	63.00	72.63	79.98	69.08	46.85	668.0000
670	66.18	76.19	76.57	63.15	72.82	80.12	69.24	46.89	669.0000
671	66.32	76.30	76.67	63.29	73.02	80.27	69.40	46.94	670.0000
672	66.47	76.41	76.78	63.43	73.20	80.41	69.56	46.98	671.0000
673	66.61	76.52	76.87	63.57	73.39	80.54	69.71	47.02	672.0000
674	66.75	76.62	76.97	63.71	73.57	80.68	69.86	47.07	673.0000
675	66.89	76.73	77.06	63.84	73.74	80.81	70.00	47.11	674.0000
676	67.03	76.83	77.15	63.98	73.93	80.94	70.14	47.15	675.0000
677	67.16	76.93	77.24	64.11	74.10	81.07	70.28	47.20	676.0000
678	67.30	77.03	77.32	64.24	74.27	81.19	70.42	47.24	677.0000
679	67.44	77.12	77.41	64.37	74.44	81.32	70.55	47.29	678.0000
680	67.57	77.21	77.49	64.50	74.61	81.44	70.68	47.34	679.0000
681	67.70	77.31	77.58	64.63	74.77	81.56	70.81	47.39	680.0000
682	67.83	77.40	77.65	64.75	74.93	81.67	70.93	47.44	681.0000
683	67.96	77.49	77.73	64.87	75.08	81.79	71.05	47.49	682.0000
684	68.09	77.58	77.81	64.99	75.24	81.90	71.18	47.54	683.0000
685	68.21	77.67	77.88	65.11	75.39	82.01	71.29	47.59	684.0000
686	68.34	77.75	77.95	65.23	75.54	82.12	71.40	47.64	685.0000
687	68.46	77.83	78.02	65.35	75.69	82.23	71.52	47.69	686.0000
688	68.59	77.91	78.09	65.47	75.83	82.34	71.62	47.74	687.0000
689	68.71	78.00	78.16	65.58	75.99	82.44	71.73	47.79	688.0000
690	68.83	78.08	78.23	65.69	76.12	82.54	71.84	47.84	689.0000
691	68.94	78.16	78.29	65.80	76.26	82.64	71.94	47.90	690.0000
692	69.06	78.23	78.36	65.91	76.40	82.74	72.03	47.95	691.0000
693	69.18	78.31	78.42	66.02	76.54	82.83	72.13	48.01	692.0000
694	69.29	78.39	78.47	66.12	76.66	82.93	72.22	48.05	693.0000
695	69.40	78.46	78.53	66.22	76.78	83.01	72.31	48.11	694.0000
696	69.51	78.53	78.59	66.32	76.91	83.10	72.39	48.15	695.0000
697	69.62	78.60	78.64	66.42	77.03	83.19	72.49	48.21	696.0000
698	69.72	78.66	78.70	66.52	77.15	83.27	72.57	48.26	697.0000
699	69.83	78.73	78.75	66.62	77.27	83.36	72.66	48.31	698.0000
700	69.94	78.80	78.80	66.72	77.39	83.44	72.73	48.36	699.0000
701	70.04	78.87	78.85	66.82	77.50	83.52	72.81	48.41	700.0000
702	70.14	78.93	78.91	66.91	77.61	83.59	72.89	48.46	701.0000
703	70.24	78.99	78.95	67.01	77.72	83.64	72.97	48.51	702.0000
704	70.35	78.98	78.89	67.10	77.84	83.52	73.04	48.56	703.0000
705	70.46	78.86	78.68	67.19	77.93	83.19	73.11	48.61	704.0000
706	70.55	78.63	78.36	67.28	78.01	82.69	73.17	48.67	705.0000
707	70.64	78.31	77.94	67.36	78.05	82.10	73.19	48.72	706.0000
708	70.73	77.92	77.46	67.44	78.05	81.46	73.18	48.77	707.0000
709	70.81	77.50	76.93	67.51	78.01	80.80	73.15	48.83	708.0000
710	70.87	77.04	76.37	67.56	77.93	80.13	73.06	48.88	709.0000
711	70.92	76.57	75.79	67.59	77.83	79.46	72.96	48.94	710.0000
712	70.96	76.08	75.22	67.61	77.69	78.82	72.82	49.00	711.0000
713	70.98	75.59	74.63	67.61	77.53	78.19	72.65	49.05	712.0000
714	70.98	75.09	74.06	67.60	77.35	77.57	72.46	49.11	713.0000
715	70.97	74.60	73.50	67.56	77.14	76.97	72.24	49.16	714.0000
716	70.94	74.13	72.94	67.51	76.92	76.40	72.00	49.21	715.0000
717	70.90	73.66	72.39	67.45	76.69	75.85	71.76	49.26	716.0000
718	70.85	73.20	71.86	67.38	76.45	75.31	71.49	49.32	717.0000
719	70.78	72.75	71.34	67.29	76.20	74.79	71.21	49.37	718.0000
720	70.70	72.31	70.84	67.20	75.95	74.30	70.92	49.42	719.0000
721	70.62	71.89	70.37	67.09	75.69	73.83	70.63	49.47	720.0000
722	70.52	71.48	69.89	66.98	75.42	73.37	70.33	49.52	721.0000
723	70.42	71.08	69.43	66.86	75.15	72.93	70.02	49.57	722.0000
724	70.31	70.70	69.00	66.73	74.88	72.51	69.71	49.63	723.0000
725	70.20	70.33	68.57	66.60	74.61	72.09	69.40	49.67	724.0000
726	70.08	69.97	68.16	66.46	74.33	71.70	69.08	49.71	725.0000
727	69.95	69.62	67.77	66.33	74.05	71.32	68.76	49.76	726.0000
728	69.83	69.29	67.39	66.18	73.77	70.95	68.44	49.81	727.0000
729	69.70	68.97	67.03	66.03	73.49	70.59	68.14	49.86	728.0000
730	69.57	68.66	66.67	65.89	73.22	70.25	67.82	49.90	729.0000
731	69.43	68.35	66.33	65.74	72.94	69.91	67.52	49.94	730.0000
732	69.29	68.06	66.00	65.59	72.67	69.59	67.21	49.99	731.0000
733	69.16	67.79	65.69	65.43	72.39	69.28	66.91	50.03	732.0000
734	69.01	67.51	65.38	65.28	72.12	68.97	66.61	50.06	733.0000
735	68.87	67.25	65.09	65.12	71.85	68.67	66.31	50.10	734.0000
736	68.73	67.00	64.81	64.97	71.58	68.38	66.02	50.14	735.0000
737	68.59	66.75	64.54	64.81	71.31	68.11	65.73	50.18	736.0000
738	68.44	66.51	64.27	64.66	71.04	67.84	65.45	50.21	737.0000
739	68.30	66.28	64.02	64.50	70.79	67.58	65.17	50.24	738.0000
740	68.15	66.06	63.77	64.35	70.53	67.32	64.89	50.27	739.0000
741	68.02	65.85	63.54	64.19	70.27	67.07	64.62	50.30	740.0000
742	67.88	65.64	63.31	64.04	70.01	66.82	64.36	50.33	741.0000
743	67.73	65.44	63.09	63.89	69.76	66.58	64.10	50.37	742.0000
744	67.59	65.24	62.88	63.73	69.51	66.35	63.85	50.39	743.0000
745	67.44	65.06	62.66	63.57	69.26	66.12	63.59	50.40	744.0000
746	67.31	64.88	62.46	63.42	69.01	65.89	63.34	50.42	745.0000
747	67.17	64.69	62.27	63.27	68.77	65.68	63.09	50.43	746.0000
748	67.02	64.53	62.09	63.13	68.53	65.46	62.86	50.45	747.0000
749	66.89	64.36	61.91	62.99	68.29	65.25	62.63	50.47	748.0000
750	66.75	64.20	61.74	62.85	68.06	65.05	62.40	50.49	749.0000
751	66.61	64.03	61.57	62.70	67.84	64.85	62.19	50.51	750.0000
752	66.47	63.88	61.41	62.56	67.61	64.66	61.97	50.53	751.0000
753	66.33	63.72	61.25	62.42	67.38	64.46	61.76	50.54	752.0000
754	66.16	63.52	61.05	62.26	67.13	64.25	61.54	50.54	753.0000
755	66.01	63.35	60.88	62.09	66.88	64.04	61.31	50.53	754.0000
756	65.85	63.17	60.71	61.94	66.65	63.83	61.10	50.53	755.0000
757	65.71	63.01	60.55	61.79	66.42	63.64	60.88	50.51	756.0000
758	65.57	62.86	60.40	61.65	66.19	63.45	60.68	50.51	757.0000
759	65.43	62.71	60.26	61.51	65.98	63.27	60.49	50.51	758.0000
760	65.28	62.57	60.11	61.37	65.75	63.10	60.30	50.50	759.0000
761	65.14	62.43	59.98	61.23	65.55	62.92	60.11	50.49	760.0000
762	65.01	62.29	59.84	61.09	65.33	62.75	59.93	50.49	761.0000
763	64.88	62.16	59.72	60.96	65.13	62.59	59.76	50.48	762.0000
764	64.74	62.03	59.60	60.83	64.93	62.43	59.59	50.48	763.0000
765	64.61	61.91	59.48	60.69	64.74	62.28	59.42	50.48	764.0000
766	64.48	61.80	59.36	60.56	64.55	62.12	59.26	50.47	765.0000
767	64.36	61.68	59.25	60.44	64.36	61.97	59.10	50.46	766.0000
768	64.23	61.57	59.14	60.31	64.16	61.82	58.94	50.45	767.0000
769	64.10	61.45	59.03	60.19	63.98	61.67	58.79	50.44	768.0000
770	63.97	61.35	58.93	60.06	63.80	61.54	58.65	50.43	769.0000
771	63.85	61.24	58.83	59.94	63.62	61.40	58.50	50.42	770.0000
772	63.73	61.13	58.73	59.83	63.45	61.26	58.36	50.40	771.0000
773	63.61	61.03	58.63	59.70	63.27	61.13	58.22	50.39	772.0000
774	63.49	60.93	58.53	59.58	63.10	61.00	58.09	50.37	773.0000
775	63.37	60.84	58.44	59.47	62.94	60.87	57.96	50.36	774.0000
776	63.25	60.74	58.36	59.36	62.77	60.74	57.83	50.34	775.0000
777	63.14	60.64	58.27	59.24	62.61	60.61	57.71	50.33	776.0000
778	63.02	60.55	58.18	59.13	62.44	60.49	57.58	50.31	777.0000
779	62.91	60.45	58.09	59.02	62.29	60.37	57.47	50.30	778.0000
780	62.79	60.36	58.01	58.91	62.13	60.25	57.35	50.28	779.0000
781	62.68	60.28	57.93	58.80	61.98	60.14	57.24	50.26	780.0000
782	62.57	60.19	57.85	58.69	61.82	60.02	57.13	50.24	781.0000
783	62.46	60.10	57.78	58.59	61.68	59.90	57.02	50.22	782.0000
784	62.35	60.02	57.70	58.48	61.53	59.80	56.92	50.21	783.0000
785	62.24	59.94	57.63	58.38	61.39	59.68	56.81	50.19	784.0000
786	62.13	59.85	57.55	58.28	61.25	59.58	56.71	50.17	785.0000
787	62.03	59.77	57.48	58.18	61.11	59.48	56.62	50.16	786.0000
788	61.92	59.69	57.41	58.08	60.97	59.37	56.52	50.14	787.0000
789	61.82	59.61	57.34	57.98	60.83	59.27	56.42	50.11	788.0000
790	61.71	59.53	57.27	57.88	60.70	59.17	56.32	50.09	789.0000
791	61.61	59.46	57.20	57.78	60.56	59.07	56.24	50.06	790.0000
792	61.51	59.38	57.14	57.69	60.43	58.97	56.14	50.04	791.0000
793	61.41	59.31	57.07	57.59	60.31	58.88	56.05	50.01	792.0000
794	61.32	59.24	57.01	57.49	60.18	58.78	55.96	49.99	793.0000
795	61.21	59.16	56.94	57.41	60.06	58.68	55.88	49.97	794.0000
796	61.11	59.09	56.88	57.31	59.94	58.59	55.80	49.94	795.0000
797	61.02	59.02	56.82	57.22	59.81	58.50	55.71	49.91	796.0000
798	60.93	58.95	56.76	57.13	59.69	58.41	55.63	49.89	797.0000
799	60.83	58.88	56.70	57.04	59.56	58.32	55.56	49.87	798.0000
800	60.74	58.81	56.64	56.95	59.45	58.23	55.49	49.84	799.0000
801	60.64	58.75	56.59	56.87	59.33	58.14	55.41	49.81	800.0000
802	60.55	58.68	56.54	56.78	59.22	58.06	55.34	49.79	801.0000
803	60.46	58.62	56.48	56.70	59.10	57.97	55.27	49.76	802.0000
804	60.37	58.58	56.46	56.61	59.00	58.00	55.20	49.74	803.0000
805	60.28	58.65	56.60	56.53	58.90	58.29	55.14	49.71	804.0000
806	60.19	58.85	56.89	56.45	58.81	58.79	55.07	49.68	805.0000
807	60.10	59.16	57.31	56.38	58.77	59.43	55.05	49.66	806.0000
808	60.03	59.56	57.82	56.31	58.76	60.16	55.05	49.63	807.0000
809	59.96	60.02	58.40	56.24	58.80	60.92	55.09	49.60	808.0000
810	59.90	60.53	59.01	56.20	58.89	61.69	55.18	49.58	809.0000
811	59.85	61.08	59.66	56.17	59.02	62.46	55.30	49.56	810.0000
812	59.83	61.62	60.32	56.16	59.18	63.21	55.45	49.53	811.0000
813	59.82	62.18	60.98	56.17	59.37	63.93	55.64	49.50	812.0000
814	59.83	62.75	61.64	56.20	59.58	64.63	55.85	49.48	813.0000
815	59.86	63.31	62.29	56.24	59.82	65.31	56.09	49.45	814.0000
816	59.90	63.86	62.93	56.30	60.08	65.98	56.35	49.42	815.0000
817	59.97	64.39	63.55	56.38	60.35	66.60	56.64	49.40	816.0000
818	60.04	64.93	64.15	56.47	60.64	67.20	56.93	49.37	817.0000
819	60.13	65.44	64.74	56.58	60.93	67.77	57.25	49.35	818.0000
820	60.23	65.93	65.31	56.69	61.23	68.33	57.57	49.33	819.0000
821	60.34	66.42	65.86	56.82	61.54	68.85	57.90	49.30	820.0000
822	60.47	66.89	66.39	56.96	61.84	69.36	58.24	49.28	821.0000
823	60.60	67.34	66.90	57.11	62.16	69.84	58.58	49.25	822.0000
824	60.73	67.78	67.41	57.26	62.48	70.31	58.94	49.23	823.0000
825	60.88	68.20	67.89	57.42	62.79	70.76	59.29	49.21	824.0000
826	61.03	68.61	68.35	57.58	63.10	71.20	59.64	49.19	825.0000
827	61.18	69.00	68.80	57.76	63.43	71.61	60.01	49.17	826.0000
828	61.34	69.38	69.23	57.93	63.74	72.01	60.36	49.16	827.0000
829	61.50	69.75	69.64	58.11	64.06	72.40	60.72	49.14	828.0000
830	61.66	70.10	70.03	58.29	64.38	72.78	61.07	49.13	829.0000
831	61.83	70.44	70.41	58.47	64.69	73.14	61.43	49.11	830.0000
832	62.00	70.76	70.77	58.65	65.00	73.49	61.77	49.09	831.0000
833	62.18	71.09	71.13	58.84	65.31	73.82	62.11	49.08	832.0000
834	62.35	71.40	71.48	59.03	65.62	74.15	62.45	49.06	833.0000
835	62.52	71.69	71.80	59.21	65.92	74.47	62.79	49.05	834.0000
836	62.69	71.97	72.12	59.40	66.22	74.78	63.13	49.04	835.0000
837	62.87	72.25	72.42	59.59	66.52	75.07	63.45	49.03	836.0000
838	63.05	72.52	72.71	59.77	66.83	75.37	63.76	49.02	837.0000
839	63.22	72.77	72.99	59.96	67.12	75.65	64.08	49.02	838.0000
840	63.40	73.02	73.26	60.14	67.40	75.93	64.40	49.01	839.0000
841	63.57	73.26	73.52	60.33	67.69	76.19	64.70	49.01	840.0000
842	63.74	73.50	73.77	60.51	67.97	76.45	65.00	49.01	841.0000
843	63.92	73.72	74.01	60.69	68.25	76.71	65.29	49.01	842.0000
844	64.09	73.94	74.25	60.87	68.52	76.95	65.58	49.01	843.0000
845	64.27	74.15	74.47	61.05	68.80	77.19	65.85	49.01	844.0000
846	64.44	74.36	74.68	61.23	69.06	77.43	66.13	49.01	845.0000
847	64.61	74.56	74.89	61.41	69.33	77.66	66.40	49.01	846.0000
848	64.78	74.75	75.10	61.58	69.59	77.88	66.66	49.02	847.0000
849	64.94	74.93	75.29	61.75	69.85	78.09	66.92	49.02	848.0000
850	65.11	75.11	75.48	61.93	70.09	78.30	67.16	49.03	849.0000
851	65.27	75.28	75.66	62.10	70.35	78.50	67.41	49.04	850.0000
852	65.43	75.44	75.81	62.24	70.58	78.70	67.65	49.03	851.0000
853	65.59	75.60	75.97	62.40	70.80	78.87	67.87	49.03	852.0000
854	65.75	75.77	76.14	62.57	71.04	79.06	68.09	49.04	853.0000
855	65.92	75.92	76.30	62.74	71.28	79.25	68.33	49.06	854.0000
856	66.08	76.08	76.46	62.91	71.53	79.44	68.54	49.08	855.0000
857	66.24	76.23	76.62	63.07	71.77	79.63	68.77	49.11	856.0000
858	66.39	76.38	76.76	63.24	71.99	79.82	68.98	49.13	857.0000
859	66.55	76.52	76.91	63.39	72.21	79.99	69.19	49.15	858.0000
860	66.71	76.65	77.04	63.55	72.43	80.16	69.39	49.17	859.0000
861	66.86	76.79	77.17	63.70	72.64	80.32	69.59	49.20	860.0000
862	67.01	76.92	77.30	63.85	72.86	80.48	69.78	49.22	861.0000
863	67.16	77.05	77.42	64.00	73.07	80.65	69.97	49.24	862.0000
864	67.31	77.17	77.55	64.16	73.28	80.81	70.16	49.28	863.0000
865	67.45	77.30	77.66	64.30	73.49	80.96	70.33	49.30	864.0000
866	67.60	77.41	77.77	64.44	73.69	81.11	70.51	49.33	865.0000
867	67.74	77.53	77.88	64.58	73.89	81.26	70.68	49.36	866.0000
868	67.88	77.64	77.99	64.72	74.08	81.41	70.85	49.39	867.0000
869	68.03	77.75	78.10	64.86	74.27	81.55	71.02	49.43	868.0000
870	68.16	77.86	78.20	65.00	74.46	81.69	71.19	49.47	869.0000
871	68.29	77.95	78.29	65.14	74.64	81.83	71.33	49.50	870.0000
872	68.43	78.06	78.38	65.27	74.83	81.96	71.48	49.53	871.0000
873	68.56	78.16	78.47	65.40	75.00	82.09	71.63	49.57	872.0000
874	68.70	78.26	78.56	65.53	75.18	82.22	71.77	49.60	873.0000
875	68.83	78.36	78.65	65.66	75.35	82.35	71.92	49.64	874.0000
876	68.97	78.45	78.73	65.78	75.52	82.47	72.05	49.68	875.0000
877	69.09	78.55	78.82	65.91	75.68	82.58	72.18	49.71	876.0000
878	69.22	78.64	78.89	66.03	75.85	82.71	72.31	49.75	877.0000
879	69.35	78.72	78.97	66.15	76.01	82.82	72.43	49.79	878.0000
880	69.47	78.81	79.04	66.27	76.17	82.93	72.55	49.82	879.0000
881	69.60	78.90	79.12	66.39	76.33	83.05	72.67	49.86	880.0000
882	69.72	78.98	79.19	66.51	76.48	83.15	72.80	49.90	881.0000
883	69.84	79.06	79.26	66.63	76.64	83.27	72.91	49.95	882.0000
884	69.96	79.14	79.33	66.74	76.79	83.37	73.03	49.99	883.0000
885	70.08	79.23	79.40	66.85	76.93	83.47	73.15	50.03	884.0000
886	70.20	79.30	79.46	66.96	77.08	83.58	73.25	50.08	885.0000
887	70.32	79.38	79.53	67.07	77.22	83.68	73.35	50.12	886.0000
888	70.43	79.46	79.59	67.18	77.36	83.78	73.47	50.17	887.0000
889	70.54	79.53	79.65	67.28	77.50	83.88	73.57	50.21	888.0000
890	70.65	79.61	79.72	67.39	77.64	83.98	73.66	50.26	889.0000
891	70.77	79.67	79.78	67.50	77.77	84.07	73.77	50.30	890.0000
892	70.88	79.74	79.83	67.60	77.90	84.17	73.86	50.35	891.0000
893	70.99	79.82	79.89	67.70	78.03	84.26	73.95	50.39	892.0000
894	71.10	79.89	79.94	67.80	78.15	84.34	74.04	50.44	893.0000
895	71.20	79.95	80.00	67.90	78.28	84.43	74.13	50.48	894.0000
896	71.31	80.02	80.05	68.00	78.41	84.51	74.21	50.53	895.0000
897	71.42	80.08	80.10	68.09	78.52	84.59	74.29	50.57	896.0000
898	71.52	80.15	80.15	68.18	78.64	84.67	74.37	50.62	897.0000
899	71.62	80.21	80.19	68.27	78.75	84.74	74.44	50.65	898.0000
900	71.72	80.27	80.23	68.35	78.85	84.82	74.51	50.70	899.0000
901	71.81	80.33	80.27	68.44	78.96	84.88	74.58	50.74	900.0000
902	71.91	80.38	80.32	68.53	79.06	84.96	74.66	50.79	901.0000
903	72.00	80.44	80.37	68.62	79.17	85.03	74.73	50.83	902.0000
904	72.10	80.47	80.37	68.71	79.27	85.01	74.79	50.88	903.0000
905	72.19	80.40	80.24	68.80	79.37	84.78	74.86	50.93	904.0000
906	72.29	80.22	79.96	68.88	79.45	84.36	74.92	50.98	905.0000
907	72.38	79.95	79.59	68.97	79.51	83.82	74.96	51.03	906.0000
908	72.47	79.59	79.14	69.04	79.53	83.20	74.97	51.08	907.0000
909	72.55	79.19	78.63	69.11	79.51	82.55	74.93	51.12	908.0000
910	72.61	78.74	78.07	69.15	79.45	81.88	74.88	51.17	909.0000
911	72.66	78.27	77.50	69.19	79.35	81.20	74.77	51.22	910.0000
912	72.69	77.77	76.92	69.21	79.22	80.55	74.64	51.27	911.0000
913	72.71	77.28	76.33	69.21	79.07	79.90	74.49	51.32	912.0000
914	72.71	76.77	75.74	69.19	78.89	79.26	74.30	51.37	913.0000
915	72.70	76.27	75.16	69.16	78.69	78.66	74.10	51.41	914.0000
916	72.67	75.78	74.60	69.11	78.47	78.07	73.87	51.46	915.0000
917	72.62	75.30	74.04	69.05	78.25	77.50	73.61	51.51	916.0000
918	72.56	74.83	73.50	68.98	78.00	76.95	73.35	51.55	917.0000
919	72.50	74.37	72.97	68.89	77.75	76.42	73.07	51.59	918.0000
920	72.41	73.92	72.45	68.79	77.50	75.91	72.79	51.64	919.0000
921	72.32	73.48	71.95	68.69	77.23	75.42	72.50	51.69	920.0000
922	72.22	73.05	71.47	68.57	76.96	74.95	72.19	51.73	921.0000
923	72.11	72.64	71.00	68.44	76.69	74.50	71.88	51.77	922.0000
924	72.00	72.24	70.55	68.32	76.41	74.06	71.57	51.82	923.0000
925	71.88	71.85	70.11	68.18	76.14	73.64	71.25	51.86	924.0000
926	71.75	71.49	69.69	68.04	75.86	73.23	70.93	51.90	925.0000
927	71.62	71.13	69.28	67.90	75.58	72.84	70.61	51.94	926.0000
928	71.49	70.78	68.89	67.75	75.29	72.45	70.29	51.98	927.0000
929	71.35	70.45	68.51	67.61	75.01	72.09	69.96	52.02	928.0000
930	71.21	70.12	68.15	67.45	74.73	71.73	69.65	52.05	929.0000
931	71.07	69.80	67.79	67.29	74.45	71.39	69.33	52.09	930.0000
932	70.93	69.51	67.46	67.14	74.16	71.05	69.02	52.13	931.0000
933	70.78	69.22	67.13	66.98	73.88	70.73	68.70	52.16	932.0000
934	70.63	68.93	66.81	66.82	73.61	70.42	68.40	52.20	933.0000
935	70.49	68.66	66.50	66.66	73.33	70.11	68.10	52.23	934.0000
936	70.34	68.40	66.21	66.50	73.05	69.81	67.80	52.26	935.0000
937	70.19	68.14	65.93	66.34	72.78	69.52	67.50	52.29	936.0000
938	70.04	67.90	65.65	66.18	72.51	69.24	67.21	52.31	937.0000
939	69.89	67.66	65.40	66.02	72.23	68.97	66.93	52.35	938.0000
940	69.74	67.43	65.14	65.86	71.98	68.70	66.65	52.37	939.0000
941	69.59	67.21	64.89	65.69	71.71	68.44	66.37	52.39	940.0000
942	69.44	66.99	64.66	65.54	71.45	68.19	66.09	52.42	941.0000
943	69.29	66.78	64.43	65.38	71.19	67.95	65.83	52.44	942.0000
944	69.14	66.58	64.20	65.22	70.93	67.71	65.56	52.45	943.0000
945	68.99	66.38	63.99	65.06	70.68	67.47	65.30	52.47	944.0000
946	68.84	66.19	63.78	64.91	70.43	67.24	65.05	52.49	945.0000
947	68.70	66.00	63.58	64.75	70.18	67.02	64.81	52.50	946.0000
948	68.55	65.82	63.39	64.59	69.94	66.80	64.56	52.51	947.0000
949	68.41	65.65	63.20	64.44	69.70	66.59	64.32	52.52	948.0000
950	68.27	65.48	63.02	64.30	69.46	66.37	64.09	52.54	949.0000
951	68.12	65.31	62.84	64.14	69.23	66.17	63.86	52.55	950.0000
952	67.98	65.15	62.67	64.00	68.99	65.97	63.64	52.55	951.0000
953	67.84	64.99	62.51	63.85	68.76	65.77	63.43	52.56	952.0000
954	67.70	64.85	62.36	63.71	68.53	65.58	63.22	52.57	953.0000
955	67.56	64.69	62.20	63.57	68.32	65.40	63.01	52.58	954.0000
956	67.42	64.55	62.06	63.42	68.09	65.21	62.81	52.59	955.0000
957	67.28	64.41	61.91	63.28	67.87	65.03	62.62	52.60	956.0000
958	67.14	64.27	61.77	63.14	67.65	64.85	62.42	52.60	957.0000
959	67.01	64.14	61.64	63.00	67.44	64.68	62.24	52.61	958.0000
960	66.87	64.01	61.50	62.87	67.23	64.51	62.05	52.60	959.0000
961	66.74	63.88	61.38	62.73	67.02	64.35	61.88	52.60	960.0000
962	66.61	63.75	61.25	62.59	66.82	64.18	61.70	52.59	961.0000
963	66.48	63.63	61.13	62.46	66.62	64.03	61.52	52.59	962.0000
964	66.34	63.52	61.01	62.33	66.42	63.87	61.35	52.59	963.0000
965	66.22	63.40	60.89	62.20	66.23	63.71	61.19	52.58	964.0000
966	66.08	63.28	60.78	62.06	66.03	63.56	61.03	52.57	965.0000
967	65.96	63.18	60.67	61.94	65.85	63.42	60.87	52.56	966.0000
968	65.83	63.06	60.56	61.81	65.67	63.27	60.71	52.55	967.0000
969	65.71	62.96	60.46	61.69	65.48	63.13	60.56	52.53	968.0000
970	65.59	62.85	60.36	61.57	65.30	62.98	60.42	52.52	969.0000
971	65.46	62.75	60.26	61.45	65.12	62.84	60.27	52.51	970.0000
972	65.34	62.65	60.16	61.33	64.95	62.71	60.13	52.49	971.0000
973	65.22	62.55	60.07	61.21	64.77	62.58	59.98	52.48	972.0000
974	65.10	62.46	59.98	61.09	64.61	62.45	59.85	52.47	973.0000
975	64.99	62.36	59.89	60.97	64.44	62.32	59.73	52.45	974.0000
976	64.87	62.27	59.80	60.87	64.28	62.19	59.60	52.44	975.0000
977	64.75	62.17	59.71	60.75	64.12	62.07	59.48	52.42	976.0000
978	64.63	62.08	59.64	60.64	63.95	61.95	59.36	52.41	977.0000
979	64.52	61.99	59.55	60.53	63.80	61.84	59.25	52.39	978.0000
980	64.40	61.91	59.47	60.42	63.64	61.71	59.13	52.37	979.0000
981	64.30	61.82	59.39	60.31	63.49	61.60	59.01	52.35	980.0000
982	64.18	61.73	59.31	60.21	63.34	61.48	58.89	52.32	981.0000
983	64.07	61.65	59.24	60.10	63.19	61.37	58.78	52.30	982.0000
984	63.97	61.57	59.17	59.99	63.04	61.27	58.68	52.28	983.0000
985	63.86	61.49	59.09	59.89	62.90	61.16	58.57	52.26	984.0000
986	63.75	61.42	59.02	59.79	62.76	61.05	58.47	52.24	985.0000
987	63.64	61.34	58.96	59.69	62.62	60.95	58.38	52.22	986.0000
988	63.54	61.26	58.89	59.59	62.48	60.85	58.29	52.20	987.0000
989	63.44	61.19	58.83	59.50	62.34	60.75	58.19	52.19	988.0000
990	63.34	61.11	58.76	59.40	62.21	60.65	58.10	52.16	989.0000
991	63.23	61.04	58.70	59.30	62.08	60.55	58.01	52.14	990.0000
992	63.13	60.97	58.63	59.21	61.95	60.45	57.91	52.11	991.0000
993	63.03	60.89	58.57	59.12	61.82	60.36	57.83	52.08	992.0000
994	62.93	60.83	58.51	59.02	61.69	60.27	57.74	52.06	993.0000
995	62.83	60.75	58.45	58.93	61.57	60.18	57.66	52.03	994.0000
996	62.74	60.69	58.39	58.84	61.45	60.09	57.57	52.01	995.0000
997	62.64	60.62	58.34	58.75	61.33	60.00	57.50	51.98	996.0000
998	62.54	60.55	58.28	58.66	61.21	59.91	57.42	51.96	997.0000
999	62.45	60.49	58.22	58.57	61.09	59.83	57.34	51.93	998.0000
1000	62.35	60.42	58.17	58.48	60.97	59.74	57.27	51.90	999.0000
1001	62.26	60.36	58.11	58.39	60.86	59.66	57.20	51.87	1000.0000
1002	62.16	60.29	58.06	58.31	60.74	59.57	57.12	51.84	1001.0000
1003	62.07	60.23	58.01	58.22	60.63	59.49	57.05	51.81	1002.0000
1004	61.98	60.17	57.97	58.14	60.53	59.45	56.98	51.78	1003.0000
1005	61.89	60.20	58.04	58.07	60.42	59.63	56.91	51.75	1004.0000
1006	61.80	60.36	58.28	57.99	60.33	60.06	56.85	51.73	1005.0000
1007	61.72	60.63	58.65	57.90	60.27	60.67	56.81	51.70	1006.0000
1008	61.64	61.00	59.14	57.83	60.24	61.36	56.81	51.67	1007.0000
1009	61.56	61.44	59.69	57.77	60.27	62.12	56.84	51.64	1008.0000
1010	61.50	61.93	60.30	57.72	60.34	62.89	56.91	51.62	1009.0000
1011	61.46	62.47	60.93	57.69	60.46	63.66	57.01	51.59	1010.0000
1012	61.43	63.02	61.60	57.67	60.61	64.41	57.15	51.56	1011.0000
1013	61.41	63.58	62.26	57.67	60.80	65.16	57.33	51.54	1012.0000
1014	61.42	64.14	62.91	57.70	61.01	65.87	57.53	51.51	1013.0000
1015	61.44	64.71	63.57	57.73	61.24	66.56	57.76	51.48	1014.0000
1016	61.48	65.26	64.22	57.79	61.50	67.23	58.02	51.46	1015.0000
1017	61.53	65.80	64.84	57.87	61.76	67.87	58.30	51.43	1016.0000
1018	61.61	66.34	65.45	57.95	62.04	68.47	58.58	51.41	1017.0000
1019	61.69	66.86	66.06	58.06	62.33	69.05	58.90	51.37	1018.0000
1020	61.78	67.36	66.63	58.17	62.63	69.62	59.21	51.36	1019.0000
1021	61.90	67.85	67.19	58.30	62.93	70.15	59.55	51.33	1020.0000
1022	62.01	68.32	67.73	58.43	63.24	70.67	59.89	51.30	1021.0000
1023	62.14	68.79	68.25	58.58	63.55	71.16	60.23	51.28	1022.0000
1024	62.28	69.23	68.77	58.73	63.86	71.64	60.58	51.25	1023.0000
1025	62.42	69.66	69.25	58.89	64.18	72.10	60.93	51.23	1024.0000
1026	62.56	70.07	69.72	59.05	64.50	72.54	61.29	51.21	1025.0000
1027	62.72	70.47	70.17	59.22	64.82	72.96	61.64	51.19	1026.0000
1028	62.87	70.86	70.61	59.40	65.14	73.37	61.99	51.17	1027.0000
1029	63.04	71.24	71.03	59.58	65.45	73.76	62.35	51.14	1028.0000
1030	63.20	71.59	71.43	59.75	65.77	74.14	62.70	51.13	1029.0000
1031	63.37	71.94	71.81	59.93	66.08	74.51	63.05	51.11	1030.0000
1032	63.54	72.27	72.19	60.12	66.40	74.86	63.40	51.09	1031.0000
1033	63.71	72.60	72.55	60.31	66.71	75.21	63.75	51.08	1032.0000
1034	63.88	72.91	72.90	60.50	67.02	75.54	64.09	51.06	1033.0000
1035	64.06	73.21	73.23	60.68	67.33	75.86	64.43	51.06	1034.0000
1036	64.23	73.50	73.55	60.87	67.63	76.18	64.76	51.04	1035.0000
1037	64.40	73.78	73.86	61.05	67.94	76.48	65.09	51.03	1036.0000
1038	64.58	74.05	74.15	61.24	68.23	76.78	65.41	51.02	1037.0000
1039	64.75	74.31	74.44	61.43	68.52	77.07	65.73	51.01	1038.0000
1040	64.93	74.57	74.72	61.61	68.82	77.34	66.04	51.01	1039.0000
1041	65.10	74.81	74.98	61.79	69.11	77.62	66.35	51.00	1040.0000
1042	65.28	75.04	75.24	61.98	69.39	77.88	66.65	51.00	1041.0000
1043	65.46	75.28	75.49	62.16	69.67	78.14	66.94	51.00	1042.0000
1044	65.63	75.50	75.72	62.34	69.95	78.39	67.24	51.00	1043.0000
1045	65.80	75.71	75.95	62.52	70.23	78.64	67.52	50.99	1044.0000
1046	65.97	75.92	76.17	62.70	70.50	78.88	67.80	50.99	1045.0000
1047	66.14	76.12	76.38	62.88	70.77	79.10	68.06	50.99	1046.0000
1048	66.31	76.31	76.59	63.06	71.03	79.33	68.33	50.99	1047.0000
1049	66.48	76.50	76.79	63.23	71.29	79.55	68.59	51.00	1048.0000
1050	66.65	76.69	76.98	63.40	71.55	79.76	68.84	51.01	1049.0000
1051	66.81	76.87	77.17	63.58	71.80	79.98	69.10	51.02	1050.0000
1052	66.98	77.04	77.34	63.74	72.04	80.18	69.34	51.03	1051.0000
1053	67.15	77.21	77.51	63.92	72.29	80.38	69.58	51.04	1052.0000
1054	67.31	77.37	77.68	64.08	72.54	80.57	69.80	51.05	1053.0000
1055	67.47	77.53	77.84	64.24	72.77	80.76	70.03	51.06	1054.0000
1056	67.63	77.69	78.00	64.41	73.01	80.96	70.25	51.08	1055.0000
1057	67.79	77.84	78.15	64.57	73.23	81.13	70.47	51.10	1056.0000
1058	67.94	77.98	78.30	64.72	73.46	81.31	70.69	51.11	1057.0000
1059	68.10	78.12	78.44	64.88	73.69	81.50	70.89	51.14	1058.0000
1060	68.25	78.27	78.58	65.04	73.91	81.67	71.10	51.16	1059.0000
1061	68.40	78.41	78.72	65.19	74.13	81.84	71.30	51.17	1060.0000
1062	68.55	78.54	78.85	65.35	74.34	82.00	71.49	51.20	1061.0000
1063	68.70	78.66	78.97	65.50	74.56	82.17	71.68	51.22	1062.0000
1064	68.85	78.78	79.09	65.64	74.76	82.33	71.87	51.25	1063.0000
1065	69.00	78.91	79.21	65.79	74.97	82.48	72.04	51.27	1064.0000
1066	69.14	79.03	79.32	65.94	75.17	82.63	72.22	51.30	1065.0000
1067	69.29	79.15	79.43	66.08	75.37	82.78	72.39	51.33	1066.0000
1068	69.43	79.26	79.53	66.22	75.57	82.93	72.55	51.35	1067.0000
1069	69.57	79.37	79.64	66.36	75.76	83.06	72.71	51.38	1068.0000
1070	69.71	79.48	79.74	66.50	75.95	83.20	72.87	51.41	1069.0000
1071	69.85	79.58	79.84	66.63	76.13	83.34	73.03	51.44	1070.0000
1072	69.99	79.69	79.94	66.76	76.32	83.47	73.18	51.47	1071.0000
1073	70.12	79.79	80.04	66.90	76.49	83.61	73.33	51.50	1072.0000
1074	70.26	79.89	80.13	67.03	76.67	83.74	73.48	51.54	1073.0000
1075	70.39	79.99	80.22	67.16	76.85	83.86	73.62	51.58	1074.0000
1076	70.52	80.08	80.30	67.29	77.02	83.99	73.76	51.61	1075.0000
1077	70.65	80.18	80.38	67.41	77.19	84.11	73.89	51.65	1076.0000
1078	70.78	80.27	80.46	67.53	77.35	84.23	74.02	51.69	1077.0000
1079	70.90	80.36	80.54	67.66	77.51	84.34	74.14	51.72	1078.0000
1080	71.03	80.45	80.62	67.78	77.67	84.46	74.27	51.75	1079.0000
1081	71.15	80.53	80.69	67.89	77.81	84.56	74.39	51.79	1080.0000
1082	71.27	80.61	80.76	68.01	77.97	84.67	74.51	51.83	1081.0000
1083	71.39	80.69	80.84	68.13	78.12	84.78	74.63	51.86	1082.0000
1084	71.51	80.78	80.91	68.23	78.27	84.88	74.74	51.90	1083.0000
1085	71.63	80.86	80.98	68.35	78.42	84.99	74.85	51.95	1084.0000
1086	71.75	80.94	81.04	68.46	78.56	85.10	74.96	51.99	1085.0000
1087	71.87	81.02	81.11	68.57	78.71	85.20	75.07	52.04	1086.0000
1088	71.98	81.09	81.17	68.68	78.85	85.29	75.18	52.08	1087.0000
1089	72.10	81.16	81.23	68.79	78.99	85.39	75.28	52.13	1088.0000
1090	72.21	81.24	81.29	68.90	79.12	85.49	75.38	52.17	1089.0000
1091	72.32	81.30	81.35	69.00	79.26	85.58	75.47	52.21	1090.0000
1092	72.43	81.38	81.41	69.10	79.39	85.68	75.57	52.26	1091.0000
1093	72.54	81.46	81.47	69.20	79.52	85.76	75.67	52.30	1092.0000
1094	72.65	81.52	81.52	69.30	79.65	85.86	75.76	52.35	1093.0000
1095	72.76	81.59	81.58	69.40	79.77	85.94	75.84	52.39	1094.0000
1096	72.86	81.65	81.63	69.50	79.90	86.03	75.93	52.44	1095.0000
1097	72.97	81.72	81.68	69.59	80.02	86.11	76.01	52.48	1096.0000
1098	73.07	81.78	81.73	69.69	80.14	86.19	76.09	52.53	1097.0000
1099	73.17	81.85	81.78	69.78	80.25	86.28	76.17	52.57	1098.0000
1100	73.27	81.90	81.83	69.87	80.36	86.35	76.25	52.62	1099.0000
1101	73.36	81.96	81.88	69.96	80.47	86.42	76.33	52.66	1100.0000
1102	73.46	82.02	81.93	70.06	80.57	86.49	76.40	52.70	1101.0000
1103	73.55	82.08	81.98	70.15	80.67	86.55	76.47	52.75	1102.0000
1104	73.64	82.12	81.99	70.23	80.77	86.57	76.54	52.79	1103.0000
1105	73.73	82.07	81.89	70.31	80.86	86.39	76.61	52.84	1104.0000
1106	73.82	81.91	81.66	70.40	80.96	86.01	76.67	52.89	1105.0000
1107	73.91	81.65	81.31	70.48	81.04	85.50	76.71	52.93	1106.0000
1108	74.00	81.30	80.86	70.56	81.07	84.91	76.73	52.97	1107.0000
1109	74.07	80.90	80.35	70.63	81.06	84.27	76.70	53.02	1108.0000
1110	74.13	80.46	79.81	70.68	81.01	83.60	76.64	53.07	1109.0000
1111	74.18	79.99	79.25	70.72	80.92	82.93	76.55	53.12	1110.0000
1112	74.22	79.50	78.67	70.74	80.81	82.28	76.42	53.16	1111.0000
1113	74.23	79.00	78.08	70.74	80.66	81.64	76.28	53.21	1112.0000
1114	74.23	78.50	77.50	70.73	80.49	81.00	76.09	53.25	1113.0000
1115	74.22	78.00	76.92	70.70	80.30	80.38	75.89	53.29	1114.0000
1116	74.19	77.51	76.34	70.66	80.09	79.79	75.66	53.34	1115.0000
1117	74.15	77.02	75.78	70.60	79.86	79.21	75.41	53.38	1116.0000
1118	74.09	76.54	75.23	70.53	79.63	78.67	75.15	53.42	1117.0000
1119	74.03	76.08	74.71	70.45	79.39	78.13	74.89	53.47	1118.0000
1120	73.94	75.63	74.19	70.35	79.13	77.61	74.60	53.51	1119.0000
1121	73.86	75.19	73.68	70.25	78.87	77.12	74.31	53.56	1120.0000
1122	73.76	74.76	73.19	70.14	78.60	76.65	74.00	53.60	1121.0000
1123	73.65	74.34	72.73	70.02	78.33	76.20	73.69	53.64	1122.0000
1124	73.54	73.96	72.27	69.89	78.05	75.74	73.37	53.68	1123.0000
1125	73.43	73.56	71.84	69.75	77.78	75.32	73.05	53.72	1124.0000
1126	73.30	73.19	71.40	69.61	77.50	74.91	72.73	53.76	1125.0000
1127	73.17	72.83	70.99	69.47	77.21	74.52	72.41	53.80	1126.0000
1128	73.04	72.48	70.60	69.32	76.93	74.13	72.10	53.84	1127.0000
1129	72.90	72.14	70.22	69.18	76.65	73.76	71.78	53.87	1128.0000
1130	72.76	71.81	69.85	69.02	76.37	73.40	71.46	53.91	1129.0000
1131	72.62	71.50	69.50	68.87	76.08	73.05	71.14	53.95	1130.0000
1132	72.48	71.19	69.15	68.71	75.80	72.71	70.83	53.99	1131.0000
1133	72.33	70.89	68.81	68.55	75.52	72.39	70.52	54.02	1132.0000
1134	72.18	70.61	68.50	68.39	75.24	72.07	70.21	54.05	1133.0000
1135	72.03	70.34	68.19	68.23	74.97	71.77	69.90	54.08	1134.0000
1136	71.89	70.07	67.90	68.08	74.69	71.46	69.60	54.10	1135.0000
1137	71.74	69.82	67.61	67.92	74.42	71.17	69.30	54.13	1136.0000
1138	71.59	69.56	67.33	67.76	74.15	70.89	69.00	54.16	1137.0000
1139	71.43	69.33	67.07	67.60	73.88	70.62	68.71	54.18	1138.0000
1140	71.28	69.09	66.81	67.44	73.61	70.34	68.43	54.21	1139.0000
1141	71.14	68.86	66.56	67.27	73.35	70.09	68.16	54.24	1140.0000
1142	70.99	68.65	66.33	67.11	73.08	69.83	67.89	54.25	1141.0000
1143	70.84	68.44	66.09	66.96	72.83	69.58	67.61	54.27	1142.0000
1144	70.69	68.23	65.87	66.80	72.57	69.34	67.35	54.29	1143.0000
1145	70.54	68.04	65.66	66.64	72.31	69.10	67.09	54.31	1144.0000
1146	70.39	67.84	65.45	66.49	72.06	68.86	66.83	54.32	1145.0000
1147	70.25	67.65	65.24	66.33	71.82	68.65	66.58	54.34	1146.0000
1148	70.10	67.47	65.04	66.17	71.56	68.42	66.34	54.35	1147.0000
1149	69.95	67.30	64.86	66.02	71.32	68.20	66.09	54.36	1148.0000
1150	69.81	67.13	64.67	65.87	71.08	68.00	65.86	54.37	1149.0000
1151	69.66	66.96	64.50	65.72	70.84	67.79	65.63	54.38	1150.0000
1152	69.52	66.80	64.32	65.57	70.61	67.59	65.41	54.39	1151.0000
1153	69.38	66.64	64.16	65.42	70.38	67.39	65.19	54.40	1152.0000
1154	69.23	66.48	64.01	65.28	70.15	67.20	64.98	54.41	1153.0000
1155	69.09	66.34	63.85	65.13	69.93	67.01	64.78	54.41	1154.0000
1156	68.95	66.19	63.70	64.98	69.71	66.83	64.57	54.42	1155.0000
1157	68.81	66.04	63.54	64.84	69.49	66.64	64.37	54.42	1156.0000
1158	68.67	65.90	63.41	64.70	69.27	66.46	64.18	54.42	1157.0000
1159	68.53	65.77	63.27	64.57	69.06	66.29	63.99	54.42	1158.0000
1160	68.40	65.64	63.13	64.42	68.85	66.11	63.80	54.42	1159.0000
1161	68.26	65.51	63.01	64.29	68.64	65.94	63.61	54.41	1160.0000
1162	68.14	65.38	62.88	64.15	68.43	65.77	63.44	54.41	1161.0000
1163	68.01	65.26	62.75	64.01	68.24	65.61	63.26	54.40	1162.0000
1164	67.88	65.14	62.63	63.88	68.04	65.45	63.09	54.39	1163.0000
1165	67.75	65.02	62.51	63.75	67.84	65.30	62.92	54.39	1164.0000
1166	67.62	64.90	62.40	63.62	67.65	65.15	62.76	54.37	1165.0000
1167	67.49	64.79	62.29	63.49	67.47	64.99	62.60	54.36	1166.0000
1168	67.37	64.68	62.18	63.37	67.28	64.85	62.45	54.36	1167.0000
1169	67.24	64.57	62.08	63.24	67.09	64.71	62.30	54.34	1168.0000
1170	67.11	64.46	61.97	63.12	66.91	64.57	62.15	54.33	1169.0000
1171	66.99	64.36	61.87	62.99	66.73	64.43	62.00	54.32	1170.0000
1172	66.87	64.26	61.77	62.87	66.56	64.29	61.86	54.31	1171.0000
1173	66.75	64.15	61.67	62.75	66.38	64.15	61.72	54.29	1172.0000
1174	66.63	64.06	61.58	62.64	66.21	64.02	61.59	54.27	1173.0000
1175	66.51	63.96	61.49	62.52	66.04	63.89	61.46	54.26	1174.0000
1176	66.39	63.86	61.40	62.41	65.87	63.76	61.33	54.24	1175.0000
1177	66.28	63.77	61.31	62.29	65.71	63.64	61.20	54.22	1176.0000
1178	66.16	63.68	61.23	62.18	65.55	63.52	61.08	54.21	1177.0000
1179	66.04	63.59	61.15	62.07	65.39	63.40	60.96	54.19	1178.0000
1180	65.93	63.50	61.06	61.96	65.23	63.28	60.84	54.17	1179.0000
1181	65.82	63.42	60.98	61.85	65.08	63.16	60.72	54.15	1180.0000
1182	65.71	63.33	60.91	61.74	64.92	63.05	60.61	54.13	1181.0000
1183	65.60	63.25	60.83	61.63	64.76	62.94	60.50	54.11	1182.0000
1184	65.49	63.17	60.76	61.53	64.62	62.82	60.39	54.09	1183.0000
1185	65.38	63.08	60.68	61.42	64.47	62.71	60.29	54.07	1184.0000
1186	65.27	63.01	60.61	61.32	64.33	62.61	60.18	54.04	1185.0000
1187	65.17	62.92	60.54	61.22	64.19	62.50	60.08	54.02	1186.0000
1188	65.06	62.85	60.47	61.12	64.05	62.40	59.98	54.00	1187.0000
1189	64.95	62.77	60.40	61.02	63.91	62.30	59.89	53.97	1188.0000
1190	64.85	62.70	60.34	60.92	63.78	62.20	59.80	53.95	1189.0000
1191	64.75	62.62	60.27	60.83	63.65	62.10	59.70	53.92	1190.0000
1192	64.64	62.54	60.21	60.73	63.51	61.99	59.61	53.89	1191.0000
1193	64.55	62.47	60.14	60.63	63.37	61.90	59.52	53.87	1192.0000
1194	64.44	62.40	60.09	60.54	63.25	61.80	59.44	53.84	1193.0000
1195	64.35	62.33	60.03	60.45	63.12	61.71	59.35	53.81	1194.0000
1196	64.25	62.27	59.97	60.35	63.00	61.62	59.26	53.78	1195.0000
1197	64.16	62.20	59.90	60.26	62.88	61.53	59.18	53.75	1196.0000
1198	64.06	62.13	59.84	60.17	62.75	61.44	59.09	53.72	1197.0000
1199	63.97	62.07	59.79	60.08	62.63	61.35	59.02	53.70	1198.0000
1200	63.87	62.00	59.74	59.99	62.52	61.27	58.95	53.67	1199.0000
1201	63.78	61.93	59.68	59.90	62.41	61.19	58.87	53.64	1200.0000
1202	63.68	61.87	59.62	59.81	62.29	61.10	58.80	53.61	1201.0000
1203	63.59	61.81	59.57	59.73	62.17	61.02	58.72	53.57	1202.0000
1204	63.50	61.74	59.52	59.65	62.06	60.94	58.65	53.54	1203.0000
1205	63.40	61.69	59.49	59.56	61.96	60.92	58.58	53.51	1204.0000