22.15	22.61	23.16	22.50	22.09	22.44	22.96	22.70	0.0000
22.20	23.36	24.11	22.55	22.23	24.03	23.07	22.70	5.0000
22.36	25.33	26.40	22.72	22.99	26.89	23.66	22.72	10.0000
22.78	27.40	28.75	23.17	24.20	29.40	24.75	22.74	15.0000
23.41	29.26	30.81	23.85	25.56	31.48	26.08	22.76	20.0000
24.18	30.85	32.57	24.63	26.95	33.20	27.47	22.81	25.0000
24.99	32.21	34.04	25.47	28.31	34.66	28.83	22.85	30.0000
25.83	33.38	35.27	26.33	29.62	35.93	30.10	22.92	35.0000
26.66	34.38	36.31	27.15	30.86	37.05	31.27	23.01	40.0000
27.47	35.26	37.19	27.96	32.03	38.04	32.34	23.11	45.0000
28.25	36.03	37.95	28.73	33.12	38.93	33.30	23.24	50.0000
29.00	36.71	38.61	29.47	34.14	39.74	34.16	23.40	55.0000
29.73	37.33	39.18	30.17	35.08	40.46	34.93	23.56	60.0000
30.42	37.88	39.68	30.82	35.96	41.14	35.62	23.74	65.0000
31.10	38.39	40.13	31.45	36.78	41.75	36.23	23.94	70.0000
31.73	38.86	40.53	32.04	37.54	42.30	36.80	24.15	75.0000
32.34	39.29	40.89	32.61	38.25	42.82	37.30	24.37	80.0000
32.92	39.69	41.22	33.14	38.90	43.29	37.75	24.60	85.0000
33.48	40.07	41.52	33.64	39.51	43.73	38.16	24.83	90.0000
34.01	40.42	41.80	34.11	40.07	44.13	38.53	25.06	95.0000
34.51	40.76	42.05	34.56	40.59	44.51	38.87	25.29	100.0000
35.01	41.08	42.29	34.98	41.08	44.85	39.17	25.52	105.0000
35.47	41.37	42.52	35.38	41.54	45.18	39.45	25.76	110.0000
35.91	41.67	42.73	35.77	41.96	45.48	39.71	25.99	115.0000
36.35	41.94	42.93	36.13	42.35	45.75	39.95	26.22	120.0000
36.75	42.20	43.12	36.47	42.72	46.01	40.17	26.45	125.0000
37.14	42.45	43.30	36.80	43.07	46.26	40.37	26.67	130.0000
37.52	42.69	43.48	37.11	43.39	46.48	40.56	26.89	135.0000
37.88	42.92	43.63	37.40	43.69	46.70	40.74	27.10	140.0000
38.22	43.14	43.79	37.69	43.98	46.89	40.90	27.31	145.0000
38.56	43.36	43.91	37.94	44.24	47.08	41.03	27.51	150.0000
38.88	43.57	44.08	38.20	44.50	47.27	41.19	27.72	155.0000
39.19	43.77	44.17	38.43	44.73	47.43	41.29	27.91	160.0000
39.49	43.96	44.34	38.68	44.96	47.59	41.45	28.11	165.0000
39.77	44.15	44.48	38.91	45.17	47.74	41.58	28.30	170.0000
40.05	44.33	44.61	39.13	45.37	47.89	41.71	28.48	175.0000
40.31	44.51	44.74	39.33	45.56	48.03	41.83	28.67	180.0000
40.56	44.68	44.85	39.53	45.74	48.16	41.93	28.85	185.0000
40.81	44.84	44.97	39.72	45.91	48.28	42.04	29.02	190.0000
41.05	45.00	45.08	39.91	46.08	48.41	42.14	29.19	195.0000
41.28	45.16	45.19	40.08	46.23	48.52	42.25	29.36	200.0000
41.50	45.31	45.29	40.25	46.39	48.64	42.34	29.52	205.0000
41.72	45.45	45.40	40.41	46.54	48.75	42.44	29.68	210.0000
41.92	45.60	45.50	40.57	46.67	48.85	42.54	29.84	215.0000
42.13	45.74	45.60	40.72	46.80	48.95	42.62	29.99	220.0000
42.32	45.87	45.70	40.87	46.93	49.04	42.71	30.14	225.0000
42.51	46.01	45.80	41.02	47.05	49.14	42.80	30.29	230.0000
42.70	46.14	45.89	41.16	47.17	49.23	42.89	30.44	235.0000
42.87	46.26	45.99	41.29	47.29	49.32	42.97	30.57	240.0000
43.04	46.39	46.07	41.42	47.40	49.41	43.05	30.72	245.0000
43.21	46.51	46.16	41.55	47.51	49.50	43.13	30.85	250.0000
43.37	46.63	46.24	41.67	47.60	49.57	43.21	30.98	255.0000
43.54	46.74	46.33	41.79	47.70	49.65	43.29	31.12	260.0000
43.69	46.86	46.42	41.91	47.80	49.73	43.36	31.25	265.0000
43.84	46.97	46.50	42.02	47.90	49.82	43.45	31.38	270.0000
43.99	47.07	46.58	42.14	48.00	49.89	43.52	31.51	275.0000
44.13	47.18	46.66	42.24	48.09	49.97	43.60	31.63	280.0000
44.27	47.29	46.74	42.35	48.18	50.05	43.67	31.76	285.0000
44.40	47.40	46.82	42.46	48.27	50.12	43.75	31.88	290.0000
44.53	47.49	46.89	42.56	48.36	50.20	43.82	32.00	295.0000
44.66	47.59	46.97	42.66	48.44	50.27	43.89	32.12	300.0000
44.79	47.68	47.05	42.76	48.52	50.34	43.97	32.23	305.0000
44.92	47.78	47.13	42.86	48.61	50.41	44.05	32.35	310.0000
45.03	47.88	47.20	42.95	48.69	50.48	44.12	32.47	315.0000
45.15	47.97	47.27	43.05	48.77	50.55	44.19	32.58	320.0000
45.27	48.06	47.35	43.14	48.85	50.62	44.26	32.69	325.0000
45.38	48.15	47.42	43.23	48.93	50.69	44.33	32.81	330.0000
45.50	48.24	47.50	43.32	49.01	50.76	44.41	32.91	335.0000
45.60	48.33	47.56	43.40	49.08	50.83	44.48	33.03	340.0000
45.71	48.41	47.61	43.47	49.14	50.88	44.53	33.12	345.0000
45.81	48.51	47.70	43.57	49.22	50.95	44.61	33.23	350.0000
45.92	48.59	47.77	43.65	49.30	51.02	44.68	33.33	355.0000
46.02	48.67	47.84	43.74	49.37	51.08	44.75	33.44	360.0000
46.12	48.75	47.91	43.82	49.44	51.14	44.82	33.54	365.0000
46.22	48.84	47.98	43.90	49.51	51.21	44.89	33.65	370.0000
46.31	48.92	48.05	43.98	49.58	51.28	44.96	33.75	375.0000
46.41	49.00	48.12	44.06	49.65	51.33	45.03	33.84	380.0000
46.50	49.08	48.19	44.13	49.71	51.40	45.09	33.94	385.0000
