1	30.61	31.78	32.16	30.35	30.62	31.55	31.64	29.99	0.0000
2	30.62	31.79	32.19	30.37	30.64	31.58	31.65	30.00	1.0000
3	30.63	31.86	32.28	30.38	30.66	31.78	31.68	30.00	2.0000
4	30.64	32.05	32.54	30.39	30.69	32.25	31.70	29.99	3.0000
5	30.66	32.37	32.94	30.41	30.73	32.92	31.74	30.00	4.0000
6	30.67	32.80	33.48	30.43	30.83	33.73	31.80	30.00	5.0000
7	30.70	33.32	34.11	30.46	30.97	34.62	31.89	30.00	6.0000
8	30.73	33.90	34.79	30.49	31.14	35.51	32.04	30.00	7.0000
9	30.77	34.51	35.53	30.54	31.37	36.41	32.21	30.00	8.0000
10	30.83	35.15	36.27	30.61	31.65	37.33	32.43	30.00	9.0000
11	30.91	35.82	37.03	30.70	31.95	38.19	32.68	30.00	10.0000
12	30.99	36.48	37.79	30.80	32.29	39.04	32.96	30.01	11.0000
13	31.11	37.14	38.54	30.92	32.64	39.87	33.28	30.01	12.0000
14	31.24	37.81	39.29	31.06	33.02	40.66	33.62	30.01	13.0000
15	31.38	38.45	40.03	31.22	33.41	41.43	33.97	30.01	14.0000
16	31.54	39.09	40.74	31.39	33.82	42.17	34.35	30.01	15.0000
17	31.71	39.70	41.43	31.57	34.23	42.87	34.75	30.02	16.0000
18	31.91	40.32	42.10	31.77	34.65	43.56	35.14	30.02	17.0000
19	32.10	40.90	42.77	31.99	35.07	44.21	35.56	30.02	18.0000
20	32.31	41.48	43.41	32.21	35.51	44.86	35.98	30.03	19.0000
21	32.53	42.03	44.03	32.44	35.93	45.46	36.41	30.03	20.0000
22	32.76	42.58	44.64	32.67	36.38	46.05	36.85	30.04	21.0000
23	32.99	43.10	45.22	32.92	36.82	46.62	37.28	30.05	22.0000
24	33.23	43.60	45.77	33.17	37.25	47.16	37.72	30.06	23.0000
25	33.47	44.10	46.32	33.43	37.69	47.69	38.16	30.06	24.0000
26	33.72	44.57	46.84	33.69	38.13	48.21	38.61	30.08	25.0000
27	33.98	45.04	47.35	33.95	38.56	48.71	39.04	30.08	26.0000
28	34.23	45.48	47.84	34.21	38.99	49.19	39.47	30.10	27.0000
29	34.49	45.92	48.31	34.49	39.42	49.65	39.90	30.11	28.0000
30	34.75	46.34	48.77	34.75	39.85	50.11	40.33	30.12	29.0000
31	35.01	46.75	49.21	35.02	40.27	50.56	40.75	30.14	30.0000
32	35.28	47.15	49.64	35.29	40.69	50.98	41.16	30.15	31.0000
33	35.53	47.53	50.05	35.57	41.11	51.40	41.59	30.16	32.0000
34	35.81	47.90	50.44	35.84	41.52	51.81	41.99	30.18	33.0000
35	36.07	48.27	50.84	36.11	41.93	52.20	42.39	30.20	34.0000
36	36.33	48.61	51.21	36.38	42.34	52.59	42.79	30.22	35.0000
37	36.59	48.95	51.57	36.65	42.74	52.97	43.19	30.24	36.0000
38	36.86	49.28	51.91	36.92	43.13	53.33	43.57	30.27	37.0000
39	37.13	49.61	52.25	37.18	43.52	53.68	43.94	30.29	38.0000
40	37.38	49.92	52.57	37.44	43.91	54.03	44.32	30.32	39.0000
41	37.64	50.22	52.88	37.70	44.29	54.37	44.68	30.34	40.0000
42	37.90	50.51	53.19	37.97	44.67	54.69	45.03	30.36	41.0000
43	38.15	50.75	53.41	38.23	45.04	54.86	45.39	30.40	42.0000
44	38.41	50.86	53.46	38.49	45.40	54.78	45.73	30.43	43.0000
45	38.66	50.86	53.37	38.75	45.74	54.52	46.05	30.46	44.0000
46	38.92	50.74	53.15	39.00	46.04	54.13	46.33	30.49	45.0000
47	39.16	50.54	52.86	39.24	46.29	53.67	46.59	30.53	46.0000
48	39.39	50.29	52.50	39.46	46.50	53.18	46.80	30.56	47.0000
49	39.61	49.99	52.10	39.68	46.66	52.67	46.96	30.60	48.0000
50	39.81	49.66	51.68	39.87	46.78	52.17	47.08	30.64	49.0000
51	40.00	49.31	51.24	40.05	46.86	51.67	47.17	30.68	50.0000
52	40.16	48.96	50.80	40.21	46.91	51.19	47.22	30.72	51.0000
53	40.31	48.60	50.35	40.34	46.94	50.73	47.24	30.76	52.0000
54	40.44	48.24	49.90	40.45	46.95	50.28	47.23	30.81	53.0000
55	40.56	47.88	49.47	40.55	46.93	49.86	47.18	30.85	54.0000
56	40.66	47.53	49.04	40.64	46.90	49.45	47.13	30.89	55.0000
57	40.74	47.19	48.62	40.71	46.86	49.07	47.05	30.94	56.0000
58	40.81	46.85	48.22	40.76	46.81	48.70	46.95	30.98	57.0000
59	40.87	46.53	47.82	40.80	46.75	48.35	46.83	31.03	58.0000
60	40.92	46.22	47.45	40.84	46.67	48.02	46.71	31.08	59.0000
61	40.96	45.91	47.08	40.85	46.59	47.70	46.57	31.13	60.0000
62	40.99	45.62	46.72	40.87	46.50	47.40	46.43	31.18	61.0000
63	41.01	45.34	46.38	40.87	46.41	47.11	46.27	31.23	62.0000
64	41.02	45.07	46.05	40.86	46.31	46.84	46.10	31.28	63.0000
65	41.03	44.82	45.73	40.86	46.21	46.58	45.94	31.33	64.0000
66	41.03	44.57	45.44	40.84	46.10	46.32	45.77	31.37	65.0000
67	41.03	44.33	45.14	40.82	46.00	46.09	45.59	31.43	66.0000
68	41.02	44.11	44.87	40.80	45.89	45.86	45.41	31.48	67.0000
69	41.01	43.89	44.60	40.76	45.77	45.64	45.23	31.53	68.0000
70	40.99	43.68	44.35	40.73	45.66	45.43	45.05	31.58	69.0000
71	40.97	43.48	44.10	40.69	45.54	45.23	44.88	31.63	70.0000
72	40.95	43.29	43.87	40.65	45.43	45.04	44.69	31.68	71.0000
73	40.93	43.10	43.64	40.61	45.31	44.85	44.51	31.73	72.0000
74	40.90	42.93	43.43	40.57	45.19	44.67	44.33	31.78	73.0000
75	40.87	42.76	43.23	40.53	45.07	44.51	44.16	31.83	74.0000
76	40.84	42.61	43.03	40.48	44.95	44.33	43.98	31.88	75.0000
77	40.81	42.45	42.84	40.43	44.83	44.18	43.81	31.92	76.0000
78	40.78	42.30	42.67	40.39	44.72	44.03	43.64	31.97	77.0000
79	40.75	42.16	42.50	40.34	44.60	43.88	43.47	32.01	78.0000
80	40.71	42.03	42.33	40.29	44.48	43.73	43.31	32.06	79.0000
81	40.67	41.90	42.18	40.24	44.36	43.60	43.14	32.11	80.0000
82	40.64	41.78	42.03	40.19	44.25	43.47	42.98	32.16	81.0000
83	40.61	41.72	41.95	40.14	44.13	43.51	42.82	32.20	82.0000
84	40.57	41.77	42.04	40.08	44.02	43.83	42.67	32.24	83.0000
85	40.53	41.97	42.30	40.03	43.94	44.35	42.55	32.28	84.0000
86	40.50	42.27	42.69	39.98	43.89	45.00	42.44	32.32	85.0000
87	40.47	42.66	43.16	39.94	43.89	45.72	42.38	32.36	86.0000
88	40.46	43.12	43.69	39.92	43.95	46.47	42.36	32.40	87.0000
89	40.45	43.61	44.28	39.89	44.05	47.24	42.38	32.44	88.0000
90	40.46	44.14	44.88	39.90	44.18	48.00	42.44	32.48	89.0000
91	40.49	44.68	45.50	39.92	44.35	48.73	42.54	32.52	90.0000
92	40.53	45.23	46.12	39.96	44.56	49.44	42.68	32.55	91.0000
93	40.59	45.79	46.74	40.02	44.78	50.13	42.83	32.58	92.0000
94	40.67	46.34	47.36	40.09	45.02	50.79	43.02	32.62	93.0000
95	40.76	46.88	47.97	40.18	45.28	51.42	43.24	32.66	94.0000
96	40.87	47.42	48.56	40.29	45.56	52.03	43.47	32.68	95.0000
97	41.00	47.95	49.14	40.41	45.85	52.63	43.72	32.72	96.0000
98	41.13	48.46	49.71	40.54	46.14	53.18	43.99	32.75	97.0000
99	41.27	48.95	50.25	40.68	46.45	53.73	44.27	32.79	98.0000
100	41.43	49.43	50.78	40.84	46.75	54.24	44.56	32.82	99.0000
101	41.60	49.91	51.30	41.01	47.06	54.74	44.86	32.85	100.0000
102	41.77	50.36	51.80	41.17	47.38	55.22	45.17	32.88	101.0000
103	41.95	50.80	52.28	41.36	47.69	55.68	45.48	32.91	102.0000
104	42.14	51.23	52.74	41.54	48.01	56.12	45.80	32.94	103.0000
105	42.33	51.65	53.19	41.73	48.34	56.56	46.12	32.97	104.0000
106	42.53	52.05	53.63	41.93	48.65	56.97	46.45	33.00	105.0000
107	42.73	52.44	54.05	42.13	48.98	57.37	46.76	33.03	106.0000
108	42.93	52.82	54.46	42.33	49.30	57.76	47.09	33.06	107.0000
109	43.14	53.18	54.85	42.53	49.62	58.13	47.42	33.09	108.0000
110	43.35	53.54	55.23	42.74	49.93	58.50	47.73	33.12	109.0000
111	43.56	53.89	55.59	42.95	50.25	58.84	48.05	33.15	110.0000
112	43.77	54.22	55.94	43.16	50.56	59.18	48.37	33.19	111.0000
113	43.99	54.54	56.28	43.37	50.87	59.51	48.68	33.21	112.0000
114	44.20	54.85	56.61	43.57	51.19	59.83	48.99	33.24	113.0000
115	44.42	55.16	56.93	43.79	51.50	60.15	49.30	33.28	114.0000
116	44.63	55.45	57.24	43.99	51.80	60.45	49.61	33.31	115.0000
117	44.85	55.74	57.53	44.21	52.10	60.74	49.91	33.34	116.0000
118	45.06	56.02	57.83	44.42	52.40	61.03	50.20	33.37	117.0000
119	45.27	56.28	58.10	44.63	52.70	61.31	50.49	33.41	118.0000
120	45.48	56.54	58.37	44.83	52.99	61.58	50.78	33.44	119.0000
121	45.70	56.80	58.63	45.04	53.27	61.85	51.06	33.47	120.0000
122	45.90	57.04	58.88	45.24	53.56	62.10	51.34	33.51	121.0000
123	46.12	57.24	59.07	45.45	53.84	62.21	51.61	33.55	122.0000
124	46.32	57.31	59.09	45.66	54.12	62.09	51.87	33.58	123.0000
125	46.53	57.27	58.97	45.86	54.37	61.77	52.13	33.62	124.0000
126	46.73	57.13	58.72	46.06	54.58	61.33	52.35	33.66	125.0000
127	46.93	56.90	58.39	46.25	54.76	60.82	52.53	33.70	126.0000
128	47.12	56.61	58.00	46.42	54.89	60.28	52.67	33.74	127.0000
129	47.30	56.28	57.56	46.58	54.97	59.72	52.77	33.79	128.0000
130	47.46	55.92	57.11	46.72	55.02	59.17	52.83	33.83	129.0000
131	47.60	55.54	56.64	46.85	55.03	58.61	52.86	33.87	130.0000
132	47.72	55.15	56.17	46.96	55.01	58.09	52.85	33.91	131.0000
133	47.83	54.76	55.69	47.04	54.97	57.57	52.81	33.96	132.0000
134	47.92	54.37	55.22	47.11	54.91	57.07	52.74	34.01	133.0000
135	47.99	53.98	54.76	47.17	54.82	56.59	52.65	34.05	134.0000
136	48.05	53.61	54.30	47.21	54.73	56.13	52.54	34.09	135.0000
137	48.09	53.23	53.86	47.23	54.62	55.69	52.41	34.14	136.0000
138	48.13	52.88	53.43	47.24	54.50	55.28	52.26	34.19	137.0000
139	48.15	52.52	53.01	47.24	54.37	54.87	52.10	34.24	138.0000
140	48.16	52.18	52.60	47.23	54.23	54.50	51.93	34.28	139.0000
141	48.15	51.85	52.21	47.21	54.08	54.13	51.75	34.33	140.0000
142	48.14	51.54	51.83	47.18	53.93	53.78	51.56	34.38	141.0000
143	48.13	51.22	51.47	47.14	53.78	53.45	51.36	34.43	142.0000
144	48.11	50.93	51.11	47.10	53.62	53.13	51.16	34.48	143.0000
145	48.07	50.65	50.78	47.05	53.46	52.82	50.95	34.52	144.0000
146	48.04	50.38	50.45	46.99	53.30	52.53	50.74	34.57	145.0000
147	48.00	50.11	50.14	46.93	53.13	52.24	50.53	34.62	146.0000
148	47.96	49.86	49.85	46.87	52.97	51.97	50.31	34.67	147.0000
149	47.91	49.62	49.55	46.80	52.80	51.71	50.10	34.72	148.0000
150	47.86	49.38	49.28	46.73	52.63	51.46	49.88	34.77	149.0000
151	47.80	49.16	49.01	46.66	52.46	51.21	49.67	34.81	150.0000
152	47.75	48.94	48.75	46.59	52.29	50.99	49.45	34.86	151.0000
153	47.69	48.74	48.51	46.51	52.12	50.76	49.24	34.91	152.0000
154	47.64	48.54	48.28	46.43	51.95	50.54	49.03	34.95	153.0000
155	47.57	48.35	48.05	46.36	51.78	50.33	48.82	34.99	154.0000
156	47.51	48.17	47.83	46.28	51.62	50.13	48.61	35.04	155.0000
157	47.45	47.99	47.63	46.20	51.45	49.94	48.41	35.08	156.0000
158	47.38	47.83	47.43	46.11	51.28	49.74	48.21	35.13	157.0000
159	47.32	47.66	47.24	46.02	51.11	49.56	48.01	35.16	158.0000
160	47.25	47.51	47.06	45.94	50.95	49.38	47.81	35.20	159.0000
161	47.18	47.36	46.88	45.86	50.78	49.20	47.61	35.24	160.0000
162	47.12	47.21	46.71	45.79	50.62	49.04	47.43	35.27	161.0000
163	47.05	47.12	46.62	45.70	50.46	49.05	47.24	35.32	162.0000
164	46.98	47.16	46.69	45.61	50.31	49.32	47.06	35.35	163.0000
165	46.91	47.33	46.92	45.53	50.18	49.80	46.91	35.39	164.0000
166	46.86	47.61	47.29	45.46	50.09	50.41	46.78	35.42	165.0000
167	46.80	47.97	47.73	45.39	50.05	51.10	46.69	35.46	166.0000
168	46.75	48.40	48.24	45.34	50.06	51.81	46.64	35.50	167.0000
169	46.72	48.88	48.81	45.29	50.11	52.53	46.63	35.53	168.0000
170	46.70	49.37	49.39	45.26	50.21	53.26	46.66	35.56	169.0000
171	46.70	49.90	49.98	45.25	50.33	53.94	46.73	35.60	170.0000
172	46.71	50.42	50.59	45.27	50.50	54.62	46.84	35.62	171.0000
173	46.74	50.95	51.18	45.29	50.68	55.28	46.98	35.65	172.0000
174	46.79	51.47	51.77	45.34	50.89	55.90	47.14	35.68	173.0000
175	46.86	52.00	52.36	45.40	51.10	56.50	47.33	35.71	174.0000
176	46.94	52.51	52.93	45.48	51.34	57.09	47.54	35.74	175.0000
177	47.03	53.01	53.49	45.57	51.58	57.65	47.77	35.76	176.0000
178	47.14	53.50	54.03	45.68	51.84	58.18	48.01	35.79	177.0000
179	47.26	53.98	54.56	45.79	52.10	58.68	48.26	35.81	178.0000
180	47.39	54.44	55.07	45.92	52.37	59.17	48.53	35.84	179.0000
181	47.53	54.89	55.57	46.06	52.64	59.64	48.81	35.86	180.0000
182	47.68	55.32	56.05	46.21	52.92	60.09	49.09	35.89	181.0000
183	47.83	55.74	56.51	46.36	53.20	60.52	49.38	35.91	182.0000
184	47.99	56.15	56.96	46.51	53.49	60.94	49.68	35.94	183.0000
185	48.16	56.54	57.39	46.68	53.77	61.34	49.98	35.96	184.0000
186	48.33	56.93	57.81	46.84	54.05	61.72	50.27	35.99	185.0000
187	48.50	57.30	58.22	47.02	54.34	62.09	50.58	36.01	186.0000
188	48.68	57.66	58.61	47.19	54.62	62.45	50.88	36.03	187.0000
189	48.87	58.00	58.98	47.37	54.90	62.79	51.18	36.05	188.0000
190	49.05	58.34	59.35	47.56	55.19	63.13	51.48	36.08	189.0000
191	49.23	58.66	59.69	47.73	55.47	63.45	51.78	36.10	190.0000
192	49.42	58.98	60.02	47.92	55.75	63.76	52.07	36.12	191.0000
193	49.61	59.28	60.35	48.11	56.03	64.07	52.37	36.14	192.0000
194	49.80	59.57	60.67	48.29	56.32	64.36	52.66	36.17	193.0000
195	49.99	59.85	60.97	48.48	56.58	64.65	52.95	36.19	194.0000
196	50.17	60.13	61.27	48.66	56.85	64.92	53.24	36.22	195.0000
197	50.36	60.39	61.55	48.85	57.12	65.19	53.53	36.24	196.0000
198	50.54	60.64	61.82	49.04	57.39	65.45	53.80	36.27	197.0000
199	50.73	60.89	62.08	49.22	57.65	65.70	54.08	36.30	198.0000
200	50.92	61.13	62.34	49.40	57.91	65.95	54.35	36.33	199.0000
201	51.10	61.37	62.59	49.58	58.17	66.19	54.62	36.36	200.0000
202	51.29	61.59	62.81	49.77	58.43	66.42	54.88	36.38	201.0000
203	51.48	61.77	62.97	49.95	58.68	66.51	55.13	36.41	202.0000
204	51.66	61.83	62.97	50.13	58.93	66.35	55.38	36.44	203.0000
205	51.85	61.76	62.82	50.30	59.16	66.02	55.61	36.48	204.0000
206	52.03	61.61	62.56	50.48	59.35	65.57	55.81	36.51	205.0000
207	52.20	61.36	62.21	50.64	59.49	65.05	55.97	36.54	206.0000
208	52.37	61.06	61.80	50.80	59.60	64.49	56.09	36.57	207.0000
209	52.52	60.72	61.36	50.95	59.65	63.92	56.17	36.60	208.0000
210	52.66	60.35	60.90	51.07	59.67	63.35	56.23	36.64	209.0000
211	52.78	59.96	60.43	51.17	59.66	62.78	56.24	36.68	210.0000
212	52.88	59.55	59.95	51.26	59.62	62.24	56.22	36.72	211.0000
213	52.96	59.16	59.46	51.33	59.56	61.71	56.17	36.76	212.0000
214	53.03	58.75	58.98	51.38	59.47	61.20	56.10	36.80	213.0000
215	53.08	58.35	58.51	51.41	59.37	60.70	55.99	36.84	214.0000
216	53.11	57.95	58.05	51.43	59.26	60.24	55.88	36.88	215.0000
217	53.13	57.57	57.59	51.43	59.13	59.79	55.73	36.92	216.0000
218	53.14	57.19	57.15	51.43	58.99	59.36	55.58	36.96	217.0000
219	53.13	56.83	56.72	51.41	58.84	58.95	55.41	37.01	218.0000
220	53.12	56.48	56.31	51.38	58.68	58.55	55.23	37.05	219.0000
221	53.10	56.13	55.91	51.35	58.53	58.18	55.04	37.09	220.0000
222	53.07	55.80	55.52	51.29	58.36	57.82	54.83	37.13	221.0000
223	53.03	55.48	55.15	51.24	58.19	57.47	54.63	37.18	222.0000
224	52.99	55.17	54.79	51.18	58.01	57.14	54.42	37.22	223.0000
225	52.94	54.88	54.44	51.11	57.83	56.82	54.20	37.26	224.0000
226	52.88	54.59	54.11	51.04	57.65	56.51	53.98	37.30	225.0000
227	52.82	54.32	53.78	50.96	57.47	56.22	53.76	37.34	226.0000
228	52.77	54.05	53.48	50.89	57.29	55.93	53.54	37.39	227.0000
229	52.70	53.80	53.18	50.81	57.10	55.66	53.31	37.43	228.0000
230	52.63	53.55	52.90	50.72	56.91	55.40	53.09	37.47	229.0000
231	52.56	53.32	52.62	50.63	56.72	55.15	52.86	37.52	230.0000
232	52.49	53.09	52.36	50.54	56.54	54.90	52.64	37.56	231.0000
233	52.41	52.88	52.11	50.45	56.35	54.66	52.42	37.60	232.0000
234	52.33	52.67	51.86	50.36	56.16	54.43	52.20	37.64	233.0000
235	52.25	52.47	51.64	50.26	55.98	54.21	51.99	37.68	234.0000
236	52.17	52.27	51.41	50.17	55.79	54.00	51.78	37.72	235.0000
237	52.10	52.09	51.19	50.07	55.61	53.78	51.57	37.76	236.0000
238	52.01	51.91	50.99	49.98	55.43	53.59	51.36	37.80	237.0000
239	51.93	51.74	50.79	49.88	55.25	53.39	51.15	37.84	238.0000
240	51.84	51.57	50.60	49.78	55.06	53.20	50.95	37.87	239.0000
241	51.76	51.40	50.42	49.69	54.89	53.02	50.76	37.90	240.0000
242	51.68	51.25	50.24	49.59	54.70	52.84	50.56	37.93	241.0000
243	51.60	51.13	50.11	49.49	54.54	52.78	50.37	37.97	242.0000
244	51.51	51.13	50.14	49.40	54.37	52.98	50.18	38.00	243.0000
245	51.43	51.26	50.34	49.31	54.22	53.42	50.01	38.03	244.0000
246	51.35	51.50	50.66	49.22	54.11	53.98	49.87	38.05	245.0000
247	51.28	51.84	51.09	49.13	54.04	54.64	49.77	38.08	246.0000
248	51.21	52.24	51.58	49.06	54.02	55.33	49.70	38.11	247.0000
249	51.16	52.69	52.11	49.00	54.05	56.04	49.68	38.14	248.0000
250	51.12	53.17	52.68	48.96	54.12	56.74	49.70	38.17	249.0000
251	51.10	53.67	53.26	48.93	54.23	57.43	49.76	38.19	250.0000
252	51.09	54.19	53.86	48.93	54.36	58.10	49.85	38.22	251.0000
253	51.11	54.71	54.45	48.94	54.53	58.74	49.97	38.24	252.0000
254	51.14	55.22	55.04	48.98	54.71	59.36	50.12	38.27	253.0000
255	51.19	55.73	55.61	49.02	54.92	59.96	50.29	38.30	254.0000
256	51.25	56.23	56.17	49.09	55.14	60.53	50.50	38.32	255.0000
257	51.33	56.72	56.73	49.17	55.38	61.08	50.72	38.34	256.0000
258	51.42	57.20	57.26	49.26	55.61	61.60	50.95	38.37	257.0000
259	51.52	57.66	57.79	49.36	55.85	62.10	51.20	38.39	258.0000
260	51.63	58.12	58.29	49.47	56.10	62.59	51.46	38.41	259.0000
261	51.75	58.56	58.79	49.60	56.36	63.04	51.73	38.43	260.0000
262	51.88	58.98	59.26	49.73	56.62	63.48	52.00	38.45	261.0000
263	52.02	59.40	59.72	49.87	56.89	63.91	52.28	38.47	262.0000
264	52.16	59.79	60.16	50.02	57.16	64.32	52.57	38.49	263.0000
265	52.31	60.18	60.58	50.17	57.43	64.72	52.86	38.51	264.0000
266	52.47	60.55	61.00	50.33	57.70	65.10	53.15	38.53	265.0000
267	52.63	60.92	61.39	50.48	57.98	65.47	53.44	38.55	266.0000
268	52.79	61.26	61.77	50.65	58.25	65.81	53.74	38.57	267.0000
269	52.96	61.60	62.15	50.82	58.52	66.15	54.03	38.59	268.0000
270	53.13	61.93	62.50	50.99	58.79	66.48	54.32	38.61	269.0000
271	53.30	62.24	62.85	51.16	59.06	66.80	54.63	38.63	270.0000
272	53.47	62.54	63.18	51.33	59.33	67.10	54.91	38.65	271.0000
273	53.64	62.84	63.50	51.50	59.60	67.39	55.20	38.67	272.0000
274	53.81	63.13	63.81	51.69	59.86	67.69	55.49	38.69	273.0000
275	53.99	63.40	64.10	51.86	60.13	67.97	55.77	38.71	274.0000
276	54.16	63.66	64.39	52.03	60.39	68.23	56.05	38.73	275.0000
277	54.34	63.92	64.65	52.20	60.64	68.49	56.32	38.75	276.0000
278	54.51	64.17	64.90	52.37	60.89	68.74	56.57	38.76	277.0000
279	54.68	64.41	65.16	52.54	61.14	68.99	56.84	38.78	278.0000
280	54.86	64.65	65.41	52.72	61.39	69.23	57.11	38.81	279.0000
281	55.03	64.87	65.66	52.89	61.64	69.46	57.37	38.83	280.0000
282	55.20	65.09	65.89	53.07	61.89	69.69	57.62	38.86	281.0000
283	55.37	65.26	66.06	53.24	62.12	69.80	57.88	38.88	282.0000
284	55.53	65.33	66.07	53.41	62.35	69.66	58.13	38.91	283.0000
285	55.71	65.28	65.95	53.58	62.57	69.35	58.36	38.94	284.0000
286	55.88	65.12	65.70	53.75	62.75	68.90	58.56	38.97	285.0000
287	56.04	64.88	65.36	53.91	62.89	68.38	58.72	39.00	286.0000
288	56.20	64.58	64.97	54.06	62.99	67.83	58.85	39.03	287.0000
289	56.34	64.23	64.53	54.19	63.04	67.24	58.94	39.06	288.0000
290	56.47	63.86	64.06	54.31	63.06	66.68	58.99	39.10	289.0000
291	56.58	63.47	63.58	54.41	63.04	66.10	59.01	39.13	290.0000
292	56.67	63.07	63.09	54.49	62.99	65.54	58.99	39.16	291.0000
293	56.75	62.66	62.61	54.55	62.92	65.00	58.94	39.20	292.0000
294	56.81	62.25	62.12	54.60	62.83	64.48	58.86	39.24	293.0000
295	56.85	61.85	61.65	54.63	62.72	63.99	58.76	39.27	294.0000
296	56.88	61.45	61.18	54.64	62.59	63.51	58.64	39.31	295.0000
297	56.90	61.06	60.72	54.64	62.45	63.05	58.50	39.35	296.0000
298	56.90	60.68	60.28	54.63	62.31	62.61	58.34	39.38	297.0000
299	56.89	60.31	59.84	54.60	62.15	62.18	58.16	39.43	298.0000
300	56.87	59.95	59.42	54.57	61.98	61.78	57.98	39.46	299.0000
301	56.84	59.60	59.01	54.52	61.81	61.39	57.79	39.50	300.0000
302	56.80	59.26	58.62	54.47	61.64	61.02	57.59	39.54	301.0000
303	56.76	58.94	58.24	54.41	61.46	60.66	57.38	39.58	302.0000
304	56.71	58.62	57.88	54.34	61.27	60.32	57.16	39.62	303.0000
305	56.65	58.32	57.52	54.27	61.09	59.99	56.94	39.66	304.0000
306	56.59	58.02	57.18	54.19	60.90	59.68	56.72	39.70	305.0000
307	56.52	57.75	56.86	54.11	60.70	59.38	56.50	39.74	306.0000
308	56.45	57.48	56.54	54.02	60.51	59.08	56.27	39.78	307.0000
309	56.37	57.21	56.24	53.93	60.32	58.80	56.05	39.82	308.0000
310	56.30	56.96	55.95	53.83	60.12	58.53	55.82	39.85	309.0000
311	56.22	56.72	55.67	53.74	59.93	58.27	55.59	39.89	310.0000
312	56.14	56.48	55.40	53.65	59.73	58.01	55.37	39.93	311.0000
313	56.05	56.26	55.14	53.55	59.54	57.76	55.14	39.97	312.0000
314	55.97	56.04	54.89	53.45	59.34	57.53	54.92	40.00	313.0000
315	55.88	55.83	54.65	53.35	59.15	57.30	54.70	40.04	314.0000
316	55.79	55.64	54.42	53.24	58.96	57.08	54.48	40.07	315.0000
317	55.70	55.45	54.20	53.14	58.77	56.86	54.27	40.11	316.0000
318	55.62	55.26	53.99	53.04	58.58	56.66	54.05	40.15	317.0000
319	55.52	55.07	53.79	52.93	58.39	56.45	53.84	40.18	318.0000
320	55.43	54.91	53.59	52.83	58.20	56.26	53.64	40.21	319.0000
321	55.33	54.74	53.40	52.73	58.02	56.06	53.44	40.24	320.0000
322	55.24	54.57	53.21	52.62	57.84	55.88	53.24	40.27	321.0000
323	55.15	54.44	53.08	52.52	57.65	55.79	53.05	40.29	322.0000
324	55.05	54.42	53.10	52.42	57.48	55.97	52.86	40.32	323.0000
325	54.96	54.53	53.27	52.32	57.32	56.38	52.69	40.35	324.0000
326	54.87	54.77	53.58	52.22	57.20	56.94	52.54	40.38	325.0000
327	54.79	55.09	54.00	52.14	57.12	57.58	52.43	40.41	326.0000
328	54.71	55.48	54.47	52.05	57.10	58.27	52.36	40.44	327.0000
329	54.66	55.92	55.00	51.98	57.12	58.96	52.33	40.46	328.0000
330	54.61	56.39	55.56	51.93	57.18	59.65	52.34	40.49	329.0000
331	54.58	56.89	56.13	51.90	57.28	60.33	52.39	40.51	330.0000
332	54.57	57.39	56.71	51.88	57.39	60.98	52.47	40.53	331.0000
333	54.57	57.90	57.28	51.89	57.54	61.62	52.58	40.55	332.0000
334	54.59	58.40	57.86	51.91	57.71	62.24	52.73	40.57	333.0000
335	54.63	58.90	58.42	51.95	57.90	62.82	52.90	40.60	334.0000
336	54.68	59.40	58.98	52.01	58.11	63.39	53.09	40.62	335.0000
337	54.75	59.88	59.53	52.07	58.33	63.92	53.30	40.64	336.0000
338	54.83	60.35	60.06	52.16	58.56	64.44	53.53	40.66	337.0000
339	54.92	60.81	60.58	52.26	58.80	64.93	53.76	40.67	338.0000
340	55.02	61.25	61.08	52.37	59.04	65.41	54.02	40.70	339.0000
341	55.13	61.68	61.56	52.48	59.30	65.87	54.28	40.71	340.0000
342	55.26	62.09	62.04	52.61	59.55	66.30	54.55	40.73	341.0000
343	55.38	62.50	62.49	52.74	59.81	66.72	54.83	40.75	342.0000
344	55.52	62.89	62.92	52.88	60.07	67.12	55.12	40.77	343.0000
345	55.66	63.26	63.34	53.02	60.33	67.50	55.40	40.79	344.0000
346	55.81	63.64	63.75	53.17	60.59	67.87	55.69	40.80	345.0000
347	55.96	63.98	64.14	53.32	60.85	68.22	55.98	40.82	346.0000
348	56.11	64.33	64.52	53.48	61.12	68.56	56.26	40.84	347.0000
349	56.27	64.66	64.88	53.64	61.38	68.90	56.55	40.85	348.0000
350	56.43	64.97	65.22	53.80	61.64	69.22	56.84	40.87	349.0000
351	56.59	65.28	65.56	53.97	61.91	69.52	57.13	40.89	350.0000
352	56.76	65.58	65.89	54.13	62.17	69.82	57.42	40.90	351.0000
353	56.92	65.86	66.20	54.30	62.43	70.11	57.70	40.92	352.0000
354	57.08	66.14	66.50	54.47	62.68	70.38	57.98	40.94	353.0000
355	57.25	66.41	66.79	54.63	62.93	70.65	58.26	40.96	354.0000
356	57.42	66.67	67.06	54.80	63.18	70.91	58.53	40.97	355.0000
357	57.58	66.92	67.33	54.97	63.43	71.17	58.80	40.99	356.0000
358	57.75	67.16	67.59	55.14	63.67	71.41	59.07	41.01	357.0000
359	57.92	67.39	67.84	55.30	63.91	71.65	59.33	41.03	358.0000
360	58.08	67.62	68.08	55.47	64.16	71.88	59.58	41.05	359.0000
361	58.25	67.81	68.27	55.63	64.40	72.03	59.83	41.07	360.0000
362	58.42	67.94	68.37	55.79	64.63	72.05	60.08	41.09	361.0000
363	58.58	68.01	68.40	55.96	64.86	71.98	60.32	41.12	362.0000
364	58.74	68.04	68.40	56.13	65.05	71.93	60.54	41.13	363.0000
365	58.90	68.09	68.44	56.28	65.24	71.96	60.74	41.16	364.0000
366	59.06	68.17	68.52	56.43	65.41	72.06	60.93	41.19	365.0000
367	59.21	68.27	68.63	56.58	65.58	72.20	61.11	41.22	366.0000
368	59.36	68.39	68.76	56.72	65.74	72.39	61.29	41.25	367.0000
369	59.49	68.53	68.90	56.86	65.91	72.58	61.45	41.28	368.0000
370	59.63	68.68	69.06	56.99	66.08	72.78	61.62	41.31	369.0000
371	59.77	68.83	69.23	57.12	66.26	72.99	61.80	41.35	370.0000
372	59.90	68.99	69.39	57.25	66.44	73.20	61.96	41.38	371.0000
373	60.03	69.16	69.56	57.38	66.62	73.41	62.13	41.42	372.0000
374	60.17	69.32	69.73	57.50	66.80	73.61	62.29	41.45	373.0000
375	60.30	69.49	69.89	57.63	67.00	73.81	62.47	41.48	374.0000
376	60.44	69.65	70.05	57.76	67.18	74.00	62.63	41.52	375.0000
377	60.57	69.81	70.21	57.89	67.37	74.20	62.79	41.56	376.0000
378	60.71	69.97	70.37	58.02	67.55	74.38	62.96	41.59	377.0000
379	60.84	70.12	70.52	58.15	67.74	74.57	63.12	41.63	378.0000
380	60.98	70.28	70.67	58.28	67.93	74.75	63.29	41.67	379.0000
381	61.12	70.43	70.83	58.41	68.10	74.92	63.45	41.71	380.0000
382	61.26	70.58	70.97	58.54	68.28	75.09	63.61	41.75	381.0000
383	61.39	70.72	71.10	58.67	68.46	75.25	63.77	41.79	382.0000
384	61.53	70.86	71.24	58.80	68.64	75.42	63.93	41.83	383.0000
385	61.66	70.99	71.37	58.93	68.82	75.57	64.08	41.87	384.0000
386	61.80	71.13	71.50	59.06	68.99	75.73	64.23	41.92	385.0000
387	61.93	71.26	71.62	59.19	69.17	75.88	64.38	41.96	386.0000
388	62.07	71.39	71.75	59.32	69.35	76.02	64.53	42.00	387.0000
389	62.20	71.52	71.87	59.44	69.51	76.17	64.68	42.05	388.0000
390	62.34	71.64	71.99	59.57	69.68	76.31	64.83	42.09	389.0000
391	62.47	71.76	72.10	59.69	69.85	76.45	64.97	42.14	390.0000
392	62.61	71.88	72.21	59.83	70.01	76.58	65.11	42.19	391.0000
393	62.73	71.99	72.32	59.94	70.17	76.71	65.25	42.23	392.0000
394	62.86	72.10	72.42	60.07	70.33	76.84	65.38	42.28	393.0000
395	63.00	72.21	72.52	60.19	70.49	76.97	65.51	42.33	394.0000
396	63.13	72.32	72.62	60.31	70.64	77.09	65.65	42.38	395.0000
397	63.26	72.43	72.72	60.43	70.79	77.21	65.77	42.43	396.0000
398	63.38	72.54	72.82	60.55	70.94	77.33	65.89	42.47	397.0000
399	63.51	72.64	72.91	60.66	71.08	77.44	66.02	42.52	398.0000
400	63.64	72.74	72.99	60.79	71.23	77.56	66.14	42.57	399.0000
401	63.76	72.84	73.08	60.89	71.38	77.67	66.26	42.63	400.0000
402	63.88	72.93	73.17	61.00	71.52	77.77	66.37	42.67	401.0000
403	64.00	73.01	73.23	61.11	71.65	77.85	66.49	42.72	402.0000
404	64.11	73.02	73.18	61.22	71.79	77.73	66.59	42.77	403.0000
405	64.23	72.92	72.98	61.32	71.91	77.40	66.68	42.81	404.0000
406	64.35	72.70	72.65	61.42	72.01	76.91	66.74	42.85	405.0000
407	64.47	72.41	72.25	61.52	72.07	76.33	66.79	42.90	406.0000
408	64.58	72.04	71.78	61.62	72.09	75.71	66.81	42.94	407.0000
409	64.67	71.63	71.26	61.70	72.06	75.05	66.80	43.00	408.0000
410	64.75	71.19	70.72	61.77	72.00	74.40	66.76	43.06	409.0000
411	64.82	70.73	70.17	61.82	71.91	73.74	66.67	43.12	410.0000
412	64.87	70.25	69.61	61.85	71.78	73.11	66.56	43.17	411.0000
413	64.90	69.77	69.04	61.87	71.63	72.49	66.42	43.23	412.0000
414	64.92	69.30	68.48	61.87	71.46	71.89	66.26	43.29	413.0000
415	64.92	68.82	67.94	61.84	71.27	71.30	66.06	43.34	414.0000
416	64.90	68.35	67.39	61.81	71.07	70.75	65.85	43.40	415.0000
417	64.87	67.90	66.86	61.76	70.86	70.20	65.62	43.45	416.0000
418	64.83	67.45	66.34	61.70	70.63	69.68	65.38	43.50	417.0000
419	64.78	67.02	65.85	61.62	70.39	69.19	65.12	43.56	418.0000
420	64.71	66.60	65.36	61.54	70.16	68.71	64.86	43.61	419.0000
421	64.64	66.19	64.89	61.45	69.91	68.25	64.58	43.66	420.0000
422	64.56	65.79	64.43	61.35	69.66	67.81	64.30	43.71	421.0000
423	64.47	65.41	63.99	61.24	69.41	67.38	64.01	43.76	422.0000
424	64.38	65.04	63.56	61.12	69.14	66.97	63.72	43.82	423.0000
425	64.28	64.69	63.16	61.00	68.89	66.58	63.43	43.86	424.0000
426	64.17	64.34	62.75	60.88	68.62	66.19	63.13	43.91	425.0000
427	64.06	64.00	62.38	60.75	68.36	65.83	62.83	43.96	426.0000
428	63.95	63.68	62.01	60.62	68.10	65.47	62.54	44.01	427.0000
429	63.83	63.37	61.65	60.49	67.84	65.13	62.24	44.05	428.0000
430	63.71	63.07	61.31	60.35	67.58	64.80	61.94	44.10	429.0000
431	63.59	62.78	60.98	60.21	67.32	64.47	61.64	44.14	430.0000
432	63.47	62.51	60.66	60.07	67.05	64.16	61.35	44.18	431.0000
433	63.34	62.24	60.35	59.92	66.79	63.86	61.07	44.22	432.0000
434	63.22	61.98	60.06	59.78	66.53	63.56	60.77	44.27	433.0000
435	63.08	61.73	59.78	59.64	66.27	63.28	60.49	44.31	434.0000
436	62.96	61.49	59.51	59.49	66.01	63.01	60.22	44.35	435.0000
437	62.82	61.26	59.26	59.35	65.76	62.74	59.94	44.38	436.0000
438	62.69	61.03	59.00	59.20	65.51	62.48	59.67	44.41	437.0000
439	62.56	60.81	58.75	59.06	65.26	62.23	59.41	44.44	438.0000
440	62.42	60.60	58.52	58.91	65.01	61.98	59.15	44.48	439.0000
441	62.30	60.39	58.29	58.77	64.77	61.75	58.89	44.51	440.0000
442	62.16	60.19	58.07	58.63	64.53	61.51	58.64	44.53	441.0000
443	62.03	60.04	57.91	58.48	64.29	61.38	58.39	44.57	442.0000
444	61.90	59.99	57.89	58.34	64.05	61.52	58.16	44.59	443.0000
445	61.78	60.06	58.04	58.21	63.84	61.88	57.93	44.62	444.0000
446	61.65	60.27	58.32	58.08	63.67	62.38	57.74	44.66	445.0000
447	61.53	60.55	58.70	57.95	63.54	62.97	57.58	44.68	446.0000
448	61.42	60.90	59.14	57.84	63.45	63.60	57.47	44.71	447.0000
449	61.32	61.32	59.63	57.73	63.42	64.24	57.40	44.73	448.0000
450	61.24	61.75	60.16	57.65	63.42	64.88	57.37	44.76	449.0000
451	61.17	62.21	60.69	57.58	63.47	65.51	57.38	44.78	450.0000
452	61.12	62.67	61.24	57.53	63.54	66.13	57.42	44.80	451.0000
453	61.09	63.15	61.78	57.50	63.64	66.72	57.50	44.82	452.0000
454	61.08	63.62	62.33	57.49	63.76	67.28	57.60	44.84	453.0000
455	61.08	64.09	62.86	57.50	63.91	67.83	57.73	44.86	454.0000
456	61.10	64.54	63.38	57.52	64.07	68.35	57.88	44.88	455.0000
457	61.13	64.99	63.88	57.55	64.23	68.84	58.04	44.90	456.0000
458	61.18	65.43	64.39	57.61	64.41	69.31	58.23	44.91	457.0000
459	61.23	65.85	64.87	57.67	64.60	69.77	58.43	44.93	458.0000
460	61.30	66.27	65.34	57.74	64.80	70.21	58.65	44.94	459.0000
461	61.39	66.67	65.79	57.83	65.00	70.62	58.87	44.95	460.0000
462	61.47	67.06	66.24	57.92	65.21	71.01	59.10	44.97	461.0000
463	61.56	67.44	66.65	58.02	65.42	71.39	59.33	44.98	462.0000
464	61.66	67.80	67.06	58.13	65.63	71.76	59.58	44.99	463.0000
465	61.78	68.15	67.45	58.24	65.85	72.10	59.83	45.00	464.0000
466	61.89	68.49	67.83	58.36	66.07	72.44	60.08	45.01	465.0000
467	62.01	68.81	68.19	58.48	66.29	72.76	60.33	45.02	466.0000
468	62.13	69.13	68.54	58.60	66.51	73.08	60.59	45.03	467.0000
469	62.25	69.42	68.88	58.73	66.73	73.37	60.86	45.05	468.0000
470	62.38	69.72	69.21	58.87	66.95	73.66	61.11	45.06	469.0000
471	62.51	70.00	69.52	59.00	67.17	73.94	61.37	45.07	470.0000
472	62.65	70.28	69.82	59.14	67.39	74.21	61.62	45.08	471.0000
473	62.78	70.54	70.11	59.27	67.61	74.47	61.88	45.09	472.0000
474	62.91	70.79	70.39	59.41	67.83	74.72	62.13	45.11	473.0000
475	63.05	71.03	70.66	59.55	68.05	74.97	62.38	45.12	474.0000
476	63.18	71.27	70.91	59.69	68.26	75.20	62.63	45.13	475.0000
477	63.32	71.50	71.17	59.83	68.47	75.42	62.88	45.14	476.0000
478	63.46	71.71	71.41	59.97	68.68	75.65	63.12	45.16	477.0000
479	63.59	71.93	71.64	60.11	68.89	75.86	63.35	45.17	478.0000
480	63.73	72.14	71.86	60.25	69.09	76.06	63.59	45.19	479.0000
481	63.86	72.33	72.06	60.38	69.30	76.26	63.81	45.20	480.0000
